format,scenario_type,target_measure,model,predictor,standardized_coefficient,p_value,r_squared,adj_r_squared,std_error,t_statistic,n_valid
human_baseline,moral,ethic_sum,human,openness,-0.031679751019530314,0.5910662033242355,0.001003606624659814,-0.0024651308523380155,0.05889598863248418,-0.5378931868724468,290
human_baseline,moral,ethic_sum,human,conscientiousness,0.2109345511866565,0.00029762791107086286,0.0444933848843162,0.04117565358183106,0.05759975088908818,3.6620740182162206,290
human_baseline,moral,ethic_sum,human,extraversion,0.008579547207391604,0.8843349934588629,7.360863028404996e-05,-0.003398358006416524,0.05892339634390061,0.1456051032312856,290
human_baseline,moral,ethic_sum,human,agreeableness,0.047473260679392726,0.4205870898669408,0.0022537104795334884,-0.0012106863590792827,0.05885912706295203,0.806557335256065,290
human_baseline,moral,ethic_sum,human,neuroticism,-0.14850271654758554,0.011340017147132068,0.022053056822012862,0.018657407713755902,0.058272198416199184,-2.548431680694975,290
human_baseline,risk,risk_sum,human,openness,-0.1417524050559686,0.015703203463680548,0.02009374433915101,0.01669129206255071,0.058330543256514995,-2.4301574636909646,290
human_baseline,risk,risk_sum,human,conscientiousness,0.03503735189573808,0.5523314354340257,0.0012276160278659187,-0.0022403436387041786,0.05888938500757086,0.5949688877075835,290
human_baseline,risk,risk_sum,human,extraversion,-0.23973711743074222,3.703158415925064e-05,0.05747388547400134,0.05420122535411931,0.05720716843090503,-4.190683160980033,290
human_baseline,risk,risk_sum,human,agreeableness,0.03491103415339147,0.5537659723556707,0.0012187803056586954,-0.0022492100405022697,0.058889645491893634,0.5928212652969204,290
human_baseline,risk,risk_sum,human,neuroticism,0.18900443618146537,0.0012210154412050523,0.03572267689627362,0.03237449174660778,0.057863504471002296,3.2663841899894432,290
bfi_expanded,moral,ethic_sum,gpt-4,openness,0.009753125870147521,0.8686477640722203,9.512346423945495e-05,-0.003376768468176472,0.05892276243028523,0.165523907364102,290
bfi_expanded,moral,ethic_sum,gpt-4,conscientiousness,0.2371107544603535,4.528319975813763e-05,0.05622150988075847,0.052944501234511,0.05724516264495515,4.142022548367227,290
bfi_expanded,moral,ethic_sum,gpt-4,extraversion,-0.07440535901473547,0.20646088403295185,0.005536157450112489,0.0020831579968141334,0.05876222811720313,-1.2662106492342602,290
bfi_expanded,moral,ethic_sum,gpt-4,agreeableness,-0.03882193805843751,0.510212541165143,0.0015071428746131765,-0.0019598462126277916,0.058881143732445684,-0.6593271733110916,290
bfi_expanded,moral,ethic_sum,gpt-4,neuroticism,-0.1015109214710381,0.08440806654255724,0.010304467177899679,0.006868024355600633,0.05862118066278558,-1.7316423914245755,290
bfi_expanded,moral,Confidential_Info,gpt-4,openness,-0.039460136480145014,0.5032783453267321,0.0015571023710320153,-0.0019097132457353005,0.05887967065776819,-0.6701826970042487,290
bfi_expanded,moral,Confidential_Info,gpt-4,conscientiousness,0.22385056352095753,0.00012081221288121166,0.050109074788650565,0.04681084240944444,0.0574302392403695,3.8977821872559084,290
bfi_expanded,moral,Confidential_Info,gpt-4,extraversion,-0.1726153251556705,0.0031879875955224952,0.029796050478597458,0.026427286764981406,0.05804105196855049,-2.974021305630401,290
bfi_expanded,moral,Confidential_Info,gpt-4,agreeableness,0.0697532407436059,0.23634676523678136,0.004865514594235232,0.0014101865199095398,0.058782038705080426,1.1866420811562843,290
bfi_expanded,moral,Confidential_Info,gpt-4,neuroticism,-0.02053230495009631,0.727705650405126,0.00042157554656363505,-0.003049182871677658,0.05891314300087108,-0.3485182406545976,290
bfi_expanded,moral,Underage_Drinking,gpt-4,openness,0.003105534672515503,0.9580051454177717,9.644345602355386e-06,-0.0034625443893088192,0.05892528094893651,0.05270292517072084,290
bfi_expanded,moral,Underage_Drinking,gpt-4,conscientiousness,0.26152842082408434,6.384838161225344e-06,0.06839711489873956,0.06516238265880459,0.05687470650416523,4.5983256336440395,290
bfi_expanded,moral,Underage_Drinking,gpt-4,extraversion,-0.11442036426284884,0.051595864849097985,0.013092019758042972,0.009665255937758355,0.05853856694765059,-1.9546150551511072,290
bfi_expanded,moral,Underage_Drinking,gpt-4,agreeableness,0.09449577433555369,0.10830680931347376,0.008929451367276298,0.00548823418452371,0.0586618886735887,1.610854619109774,290
bfi_expanded,moral,Underage_Drinking,gpt-4,neuroticism,-0.07536650725033417,0.200642551455975,0.005680110415114181,0.0022276107984998683,0.058757974919275195,-1.2826600534459647,290
bfi_expanded,moral,Exam_Cheating,gpt-4,openness,-0.04919331072378243,0.4039321253994351,0.002419981819966721,-0.0010438376876029665,0.05885422251265883,-0.835850150143459,290
bfi_expanded,moral,Exam_Cheating,gpt-4,conscientiousness,0.19398256260946373,0.0008978069838695422,0.03762923459653433,0.034287669438883284,0.05780627264969542,3.355735523461152,290
bfi_expanded,moral,Exam_Cheating,gpt-4,extraversion,-0.21245292245122394,0.00026842996100623167,0.045136244258065616,0.04182074510618383,0.05758037123779,-3.6896761497743014,290
bfi_expanded,moral,Exam_Cheating,gpt-4,agreeableness,0.031255752084843616,0.5960446773799715,0.000976922038389727,-0.002491908093421591,0.05889677522421027,0.5306869852527264,290
bfi_expanded,moral,Exam_Cheating,gpt-4,neuroticism,-0.019050131698328202,0.7466647500448678,0.00036290751772372065,-0.0031080546089510275,0.058914871863346666,-0.32335013377462785,290
bfi_expanded,moral,Honest_Feedback,gpt-4,openness,0.06663205732371302,0.2580299323065121,0.004439831063190458,0.0009830249210486253,0.058794609805165786,1.1333021435896768,290
bfi_expanded,moral,Honest_Feedback,gpt-4,conscientiousness,0.23503056503244898,5.301950700335747e-05,0.05523936649947203,0.051958947633150676,0.05727494099797292,4.103549666524619,290
bfi_expanded,moral,Honest_Feedback,gpt-4,extraversion,0.057690617639388785,0.3275758447606497,0.0033282073636140552,-0.00013245858304022917,0.058827425123441496,0.9806755525731872,290
bfi_expanded,moral,Honest_Feedback,gpt-4,agreeableness,-0.06940840128826647,0.2386773763304558,0.004817526169392905,0.0013620314685920398,0.058783456012731335,-1.1807472033157422,290
bfi_expanded,moral,Honest_Feedback,gpt-4,neuroticism,-0.16006441801595686,0.0063016002492806335,0.025620617914787203,0.02223735617143563,0.05816581249627155,-2.7518642162218065,290
bfi_expanded,moral,Workplace_Theft,gpt-4,openness,0.01284072327267471,0.8276362159005124,0.00016488417416515855,-0.0033067655335634605,0.058920706952043524,0.21793226756640874,290
bfi_expanded,moral,Workplace_Theft,gpt-4,conscientiousness,0.16428744176763743,0.005036140575459168,0.026990363522555016,0.023611857840341588,0.058124914470589574,2.8264547701100646,290
bfi_expanded,moral,Workplace_Theft,gpt-4,extraversion,-0.02683888641024791,0.6489957101146622,0.0007203258237423737,-0.0027493952671475697,0.05890433847255888,-0.4556351383650807,290
bfi_expanded,moral,Workplace_Theft,gpt-4,agreeableness,-0.09834982844963684,0.09459163585212209,0.009672688756073522,0.0062340522586986635,0.058639888279009754,-1.6771830802556513,290
bfi_expanded,moral,Workplace_Theft,gpt-4,neuroticism,-0.0922271743309047,0.11708413869016317,0.008505851685063459,0.005063163670080972,0.05867442385726855,-1.571846270791795,290
bfi_expanded,moral,ethic_sum,gpt-4o,openness,0.03745635366040332,0.5252152656590163,0.001402978429533075,-0.0020643723398088287,0.05888421494205299,0.6361017752765069,290
bfi_expanded,moral,ethic_sum,gpt-4o,conscientiousness,0.5717540143141164,1.4283714023745093e-26,0.3269026528843063,0.32456550931793227,0.048344012725196256,11.826780237796145,290
bfi_expanded,moral,ethic_sum,gpt-4o,extraversion,-0.031520239117621106,0.5929369141880845,0.0009935254740319754,-0.002475247006961112,0.058896285799640555,-0.5351821203946527,290
bfi_expanded,moral,ethic_sum,gpt-4o,agreeableness,0.017949223182292043,0.7608470560725348,0.00032217461284800297,-0.0031489289475241655,0.0589160721736612,0.30465749871079073,290
bfi_expanded,moral,ethic_sum,gpt-4o,neuroticism,-0.3062985513015244,1.0262663690810467e-07,0.0938188025294131,0.09067234003819569,0.056093337315739226,-5.460515739639904,290
bfi_expanded,moral,Confidential_Info,gpt-4o,openness,0.034398672498236665,0.559603187950508,0.0011832686696409134,-0.0022848449808117177,0.058890692392369035,0.5841105122189733,290
bfi_expanded,moral,Confidential_Info,gpt-4o,conscientiousness,0.3148389568596054,4.2942233700173124e-08,0.09912356875644457,0.09599552559240432,0.05592891170083791,5.629270216157067,290
bfi_expanded,moral,Confidential_Info,gpt-4o,extraversion,-0.19215996059825466,0.0010056653440286205,0.036925450457122144,0.03358144160454257,0.05782740572236864,-3.322991204565206,290
bfi_expanded,moral,Confidential_Info,gpt-4o,agreeableness,0.04233255664884509,0.4726919651273299,0.001792045352428051,-0.0016739544900983283,0.058872742780732505,0.7190518846133905,290
bfi_expanded,moral,Confidential_Info,gpt-4o,neuroticism,-0.14643198060716306,0.012547966405890405,0.021442324944536684,0.018044555239482896,0.058290391189746514,-2.512111818404145,290
bfi_expanded,moral,Underage_Drinking,gpt-4o,openness,0.0803960693907411,0.17212929885127526,0.00646352797348082,0.0030137485567219846,0.05873482286309156,1.3687973415386134,290
bfi_expanded,moral,Underage_Drinking,gpt-4o,conscientiousness,0.4153192644302821,1.6066262438225433e-13,0.17249009140691085,0.16961679311318478,0.05360315563216409,7.748037583464089,290
bfi_expanded,moral,Underage_Drinking,gpt-4o,extraversion,0.062127386079460376,0.2916811468768343,0.003859812101066229,0.0004009920041948556,0.0588117343467381,1.05637738402976,290
bfi_expanded,moral,Underage_Drinking,gpt-4o,agreeableness,0.16271128697622317,0.005478917396693253,0.026474962909458943,0.023094667641783362,0.058140306738746136,2.798596982079359,290
bfi_expanded,moral,Underage_Drinking,gpt-4o,neuroticism,-0.22846999152183062,8.638811897779955e-05,0.0521985370259852,0.04890755972399197,0.0573670402059675,-3.9826002997809264,290
bfi_expanded,moral,Exam_Cheating,gpt-4o,openness,-0.012185171891042472,0.836308615573589,0.00014847841401433026,-0.0033232282581592276,0.058921190349258544,-0.20680457775571415,290
bfi_expanded,moral,Exam_Cheating,gpt-4o,conscientiousness,0.43657191101504317,6.3321588381889136e-15,0.1905950334873271,0.18778459957582472,0.053013525741100624,8.235104247680233,290
bfi_expanded,moral,Exam_Cheating,gpt-4o,extraversion,-0.10592594594673528,0.07168182868610999,0.011220306024710691,0.007787043198407506,0.058594051117012595,-1.8077935204582574,290
bfi_expanded,moral,Exam_Cheating,gpt-4o,agreeableness,-0.02287890387171946,0.6980295193940231,0.0005234442423711627,-0.0029469604651206627,0.05891014095630537,-0.38836953197394525,290
bfi_expanded,moral,Exam_Cheating,gpt-4o,neuroticism,-0.1770744860660383,0.0024748685688986438,0.031355373615552073,0.02799202421838376,0.05799439108369195,-3.0533036515634997,290
bfi_expanded,moral,Honest_Feedback,gpt-4o,openness,0.07666277565217984,0.19298539370329393,0.005877181170696688,0.002425365827539272,0.05875215181725092,1.3048505166353748,290
bfi_expanded,moral,Honest_Feedback,gpt-4o,conscientiousness,0.5035009951700913,4.794523209332001e-20,0.2535132521372724,0.25092128426274896,0.05091137274247633,9.889754843518702,290
bfi_expanded,moral,Honest_Feedback,gpt-4o,extraversion,0.24004322745494164,3.6168082613151756e-05,0.05762075104698561,0.05434860087700977,0.057202711211757636,4.1963610180351445,290
bfi_expanded,moral,Honest_Feedback,gpt-4o,agreeableness,0.017295308197611624,0.7693093774720556,0.0002991276856501024,-0.003172055898774895,0.058916751305760455,0.29355502152272633,290
bfi_expanded,moral,Honest_Feedback,gpt-4o,neuroticism,-0.45130252307834867,5.872450872441229e-16,0.20367396733688448,0.20090894639013746,0.052583466477086865,-8.582593604303414,290
bfi_expanded,moral,Workplace_Theft,gpt-4o,openness,-0.0122624685787191,0.8352849932032386,0.00015036813564395235,-0.003321331974996289,0.058921134668640955,-0.20811664011021566,290
bfi_expanded,moral,Workplace_Theft,gpt-4o,conscientiousness,0.3961570739765906,2.454057159829132e-12,0.15694042726169344,0.15401313707857422,0.05410443773960803,7.322080970200664,290
bfi_expanded,moral,Workplace_Theft,gpt-4o,extraversion,-0.044467665398127056,0.45063322919612625,0.0019773732659599252,-0.0014879830768665947,0.058867277351908553,-0.7553885180097488,290
bfi_expanded,moral,Workplace_Theft,gpt-4o,agreeableness,-0.05687339809519581,0.334485955468134,0.0032345834108941096,-0.00022640761892933625,0.05883018808250816,-0.9667383353497359,290
bfi_expanded,moral,Workplace_Theft,gpt-4o,neuroticism,-0.1258198849440883,0.03220149635922564,0.015830643447343307,0.012413388737090969,0.058457289624582034,-2.152338669002872,290
bfi_expanded,moral,ethic_sum,llama,openness,-0.03898020338835028,0.5084883234220494,0.0015194562561972047,-0.0019474900762466163,0.05888078067114733,-0.662019133306962,290
bfi_expanded,moral,ethic_sum,llama,conscientiousness,0.5107791806564562,1.1301655435979707e-20,0.2608953713920804,0.2583290358760806,0.050659012189340234,10.082691283979187,290
bfi_expanded,moral,ethic_sum,llama,extraversion,0.06464154888341982,0.27255418319509994,0.004178529842047918,0.000720816403999347,0.0588023251075027,1.099302600113887,290
bfi_expanded,moral,ethic_sum,llama,agreeableness,0.11982986918991821,0.04143315806208909,0.014359197550073421,0.010936833652677724,0.05850097347391391,2.0483397467454347,290
bfi_expanded,moral,ethic_sum,llama,neuroticism,-0.27851984792168255,1.4484974992282037e-06,0.07757330568631748,0.07437043521995046,0.056593908385681756,-4.921375036048014,290
bfi_expanded,moral,Confidential_Info,llama,openness,0.0011420953500055366,0.9845497797141547,1.3043817889135667e-06,-0.0034709133113299817,0.058925526668149396,0.019382013442789735,290
bfi_expanded,moral,Confidential_Info,llama,conscientiousness,0.3177638294940687,3.16615832552953e-08,0.10097385133473546,0.09785223276298094,0.05587144683784726,5.687410072201956,290
bfi_expanded,moral,Confidential_Info,llama,extraversion,-0.03419523422296888,0.5619291196207032,0.001169314043563685,-0.0022988480604517747,0.05889110377650771,-0.5806519496177234,290
bfi_expanded,moral,Confidential_Info,llama,agreeableness,0.1527369720802861,0.00918512877157811,0.023328582640253503,0.01993736244108757,0.05823418411178942,2.622806078764393,290
bfi_expanded,moral,Confidential_Info,llama,neuroticism,-0.1956212946396215,0.0008100422013315393,0.038267690916481745,0.03492834262105282,0.05778709454046698,-3.3852073061508983,290
bfi_expanded,moral,Underage_Drinking,llama,openness,0.020527523186797913,0.7277665572907971,0.0004213792081850798,-0.0030493798917865522,0.05891314878676556,0.3484370401096144,290
bfi_expanded,moral,Underage_Drinking,llama,conscientiousness,0.28921211151328735,5.405400272451428e-07,0.08364364544597369,0.08046185254821658,0.05640738336208335,5.127203111990012,290
bfi_expanded,moral,Underage_Drinking,llama,extraversion,0.002025923867287858,0.9725970400635078,4.104367515855856e-06,-0.003468103603430306,0.05892544417266723,0.034381138669932844,290
bfi_expanded,moral,Underage_Drinking,llama,agreeableness,0.13834325710653275,0.018419743123365157,0.019138856786844793,0.0157330889284657,0.05835895696788122,2.370557396744979,290
bfi_expanded,moral,Underage_Drinking,llama,neuroticism,-0.23126821537239686,7.026948404532444e-05,0.05348498744153363,0.05019847698126112,0.05732809485995884,-4.0341165346125525,290
bfi_expanded,moral,Exam_Cheating,llama,openness,0.05745809248367714,0.3295325444982301,0.0033014323918627575,-0.00015932652344341491,0.05882821529934448,0.9767097674356507,290
bfi_expanded,moral,Exam_Cheating,llama,conscientiousness,0.48341183774409585,2.1740061103236697e-18,0.23368700487112382,0.23102619586025963,0.05158303026058235,9.371528491095637,290
bfi_expanded,moral,Exam_Cheating,llama,extraversion,0.21891869538507483,0.00017152985944548528,0.04792539518910299,0.04461958058906501,0.057496213788716846,3.807532374036702,290
bfi_expanded,moral,Exam_Cheating,llama,agreeableness,0.1012427923851876,0.0852360868809094,0.010250103009949996,0.006813471423178896,0.05862279067709935,1.7270210308281606,290
bfi_expanded,moral,Exam_Cheating,llama,neuroticism,-0.41671769766913924,1.3077140702990264e-13,0.17365363955066848,0.17078438135466378,0.05356545711561333,-7.779597526251182,290
bfi_expanded,moral,Honest_Feedback,llama,openness,0.10615292551146448,0.07107233416621334,0.011268443594642297,0.007835347912679147,0.058592624808614324,1.8117113861718959,290
bfi_expanded,moral,Honest_Feedback,llama,conscientiousness,0.4799789603915855,4.06993054265543e-18,0.2303798024185869,0.22770751006587364,0.051694219722452944,9.28496383093893,290
bfi_expanded,moral,Honest_Feedback,llama,extraversion,0.40218026116753863,1.0613842844986873e-12,0.16174896247278991,0.158838368592487,0.05394992011396135,7.45469613890051,290
bfi_expanded,moral,Honest_Feedback,llama,agreeableness,0.11536082566528812,0.04969307894473901,0.013308120098177056,0.009882106626295628,0.0585321575877853,1.970896519443562,290
bfi_expanded,moral,Honest_Feedback,llama,neuroticism,-0.4553849165481848,2.9762218994512254e-16,0.20737542221959826,0.2046232535467496,0.05246111581779983,-8.680427578585254,290
bfi_expanded,moral,Workplace_Theft,llama,openness,-0.16290927200520416,0.0054214427572476,0.02653943090526556,0.023159359484797637,0.05813838164644614,-2.8020950599536065,290
bfi_expanded,moral,Workplace_Theft,llama,conscientiousness,0.12698188999316676,0.030630294379158207,0.016124400386236415,0.012708165665355153,0.058448564746117815,2.172540772296739,290
bfi_expanded,moral,Workplace_Theft,llama,extraversion,-0.22986387668775568,7.79678682353607e-05,0.05283740180592389,0.04954864278441662,0.05734770284420473,-4.008249071671135,290
bfi_expanded,moral,Workplace_Theft,llama,agreeableness,-0.013129890662932738,0.8238173408267864,0.00017239402882018862,-0.003299229603024312,0.05892048567216988,-0.22284084241916605,290
bfi_expanded,moral,Workplace_Theft,llama,neuroticism,0.14934459545520828,0.010879055128109225,0.022303808191680097,0.018909029747901096,0.05826472726941125,2.5632076636118333,290
bfi_expanded,moral,ethic_sum,deepseek,openness,-0.05127251807438753,0.38433273291647874,0.0026288711096885686,-0.0008342230878473078,0.05884806026995114,-0.8712694664732762,290
bfi_expanded,moral,ethic_sum,deepseek,conscientiousness,0.3795845674835307,2.2600962266116812e-11,0.1440844438716592,0.14111251485732457,0.05451540162499511,6.962886747026965,290
bfi_expanded,moral,ethic_sum,deepseek,extraversion,0.04488697429960045,0.4463703266363577,0.0020148404617725824,-0.0014503857866241532,0.05886617236067435,0.7625257851755157,290
bfi_expanded,moral,ethic_sum,deepseek,agreeableness,0.07394755933427201,0.20927463688631676,0.005468241531495721,0.002015006259035501,0.0587642346368953,1.2583769667246516,290
bfi_expanded,moral,ethic_sum,deepseek,neuroticism,-0.2308024417301306,7.273978184408547e-05,0.05326976710858977,0.04998250935549453,0.05733461217358291,-4.0255341927031205,290
bfi_expanded,moral,Confidential_Info,deepseek,openness,0.0015887181859309256,0.9785091331725098,2.524025475292291e-06,-0.003469689432769707,0.05892549073401829,0.02696147568973477,290
bfi_expanded,moral,Confidential_Info,deepseek,conscientiousness,0.22668680944499323,9.840878356865944e-05,0.051386909576350615,0.0480931141234906,0.05739159740641391,3.9498257530580494,290
bfi_expanded,moral,Confidential_Info,deepseek,extraversion,-0.09256014358348993,0.11576213936752082,0.008567380180195872,0.005124905805821478,0.05867260326910949,-1.577570082563933,290
bfi_expanded,moral,Confidential_Info,deepseek,agreeableness,0.10224672720144758,0.08216902245928542,0.010454393223407465,0.007018470977655289,0.05861674032008312,1.7443263928208588,290
bfi_expanded,moral,Confidential_Info,deepseek,neuroticism,-0.0647332737948309,0.27187289769161616,0.0041903967361967,0.000732724502641724,0.05880197474196643,-1.1008690452810823,290
bfi_expanded,moral,Underage_Drinking,deepseek,openness,-0.011532924851289079,0.844956991619329,0.00013300835562601865,-0.0033387520320280473,0.05892164617230305,-0.19573324237350131,290
bfi_expanded,moral,Underage_Drinking,deepseek,conscientiousness,0.2624061266177259,5.9283973448131495e-06,0.06885697528651802,0.06562383978404052,0.056860667446639875,4.614897052764591,290
bfi_expanded,moral,Underage_Drinking,deepseek,extraversion,0.10286482652839456,0.08032540553535324,0.010581172536716532,0.007145690496913382,0.0586129852490305,1.75498357729691,290
bfi_expanded,moral,Underage_Drinking,deepseek,agreeableness,0.04616402202245447,0.4335288719435526,0.002131116929289467,-0.0013337055813729126,0.05886274297603019,0.7842655589674637,290
bfi_expanded,moral,Underage_Drinking,deepseek,neuroticism,-0.22218656179794552,0.00013609737655642223,0.04936686824359271,0.046066058758327366,0.05745267169823603,-3.867297294109428,290
bfi_expanded,moral,Exam_Cheating,deepseek,openness,-0.059875497575144154,0.3095573970769803,0.003585075209871058,0.0001253011654608338,0.05881984396791754,-1.0179472357628558,290
bfi_expanded,moral,Exam_Cheating,deepseek,conscientiousness,0.3035844364312895,1.3458924591401417e-07,0.09216351004330303,0.08901130000873103,0.05614454590226788,5.407193727414699,290
bfi_expanded,moral,Exam_Cheating,deepseek,extraversion,-0.004218536132203049,0.9429766394326011,1.7796047098839196e-05,-0.0034543643832933846,0.05892504077548029,-0.07159156916457245,290
bfi_expanded,moral,Exam_Cheating,deepseek,agreeableness,0.1448847494138587,0.013523131553039438,0.020991590612716826,0.017592255857899808,0.05830381423900974,2.484996072811299,290
bfi_expanded,moral,Exam_Cheating,deepseek,neuroticism,-0.18750088092598446,0.001337867369824932,0.03515658034802005,0.031806429585339524,0.05788048689049247,-3.239448923101295,290
bfi_expanded,moral,Honest_Feedback,deepseek,openness,0.0007930151860210486,0.9892717768095606,6.28873085384285e-07,-0.0034715911655498477,0.05892554657052507,0.01345791820652742,290
bfi_expanded,moral,Honest_Feedback,deepseek,conscientiousness,0.2226599477803582,0.00013157395056477537,0.04957745234555133,0.046277374055084364,0.05744630789238625,3.8759662012999243,290
bfi_expanded,moral,Honest_Feedback,deepseek,extraversion,0.20258307464792003,0.0005184762594171564,0.041039902133804707,0.03771017957176925,0.05770374824944562,3.5107437695759445,290
bfi_expanded,moral,Honest_Feedback,deepseek,agreeableness,-0.055094319380620475,0.3498498322320128,0.0030353840280137323,-0.00042629866633348,0.05883606627186403,-0.9364038568799952,290
bfi_expanded,moral,Honest_Feedback,deepseek,neuroticism,-0.2087456590154475,0.00034495831879269073,0.04357475015779366,0.04025382915139697,0.057627432759030116,-3.6223313970677866,290
bfi_expanded,moral,Workplace_Theft,deepseek,openness,-0.09318803873230024,0.11330097411224645,0.00868401056277257,0.005241941155004315,0.05866915209689116,-1.5883651868430226,290
bfi_expanded,moral,Workplace_Theft,deepseek,conscientiousness,0.23498174106372213,5.321523937488626e-05,0.05521641863333826,0.05193592008692616,0.05727563658670257,4.102647391932729,290
bfi_expanded,moral,Workplace_Theft,deepseek,extraversion,-0.04044802257042489,0.4926431456158993,0.0016360425298577175,-0.001830498989136009,0.05887734300215616,-0.6869879058391549,290
bfi_expanded,moral,Workplace_Theft,deepseek,agreeableness,0.02460815124829431,0.6764479981513772,0.0006055611078591427,-0.0028645584716275874,0.058907720881787654,0.41774067779122565,290
bfi_expanded,moral,Workplace_Theft,deepseek,neuroticism,-0.10494952975985207,0.0743524983353499,0.011014403796814065,0.007580426032219534,0.05860015157484135,-1.7909429743678305,290
bfi_expanded,moral,ethic_sum,openai-gpt-3.5-turbo-0125,openness,-0.05534958946750385,0.34761839034301634,0.0030635770542207785,-0.0003980077476744004,0.0588352343574415,-0.9407558255184075,290
bfi_expanded,moral,ethic_sum,openai-gpt-3.5-turbo-0125,conscientiousness,0.15956073746870678,0.00647012889985827,0.0254596289415574,0.022075808208715464,0.05817061743562481,2.742978233732632,290
bfi_expanded,moral,ethic_sum,openai-gpt-3.5-turbo-0125,extraversion,0.014959281422163214,0.7997571995099316,0.00022378010066737009,-0.0032476651073165552,0.058918971545536936,0.2538958340540886,290
bfi_expanded,moral,ethic_sum,openai-gpt-3.5-turbo-0125,agreeableness,-0.20355083361998574,0.0004867187226485479,0.04143294186739088,0.03810458402665251,0.057691921797927884,-3.5282380492184724,290
bfi_expanded,moral,ethic_sum,openai-gpt-3.5-turbo-0125,neuroticism,-0.07679353819664748,0.1922249933542582,0.005897247508760306,0.0024455018403878315,0.058751558859083446,-1.3070893724001096,290
bfi_expanded,moral,Confidential_Info,openai-gpt-3.5-turbo-0125,openness,0.010395404390051672,0.8600837509949838,0.00010806443243260855,-0.0033637825660659537,0.05892238113398419,0.17642539540982669,290
bfi_expanded,moral,Confidential_Info,openai-gpt-3.5-turbo-0125,conscientiousness,0.13587157374948308,0.02063703010265337,0.018461084553161644,0.015052963318971102,0.058379116421802865,2.327400311573388,290
bfi_expanded,moral,Confidential_Info,openai-gpt-3.5-turbo-0125,extraversion,0.08859368159792388,0.1322877929823254,0.007848840419074299,0.004403871114973756,0.05869386087233003,1.5094198998193606,290
bfi_expanded,moral,Confidential_Info,openai-gpt-3.5-turbo-0125,agreeableness,-0.08725468717173553,0.13825922003788416,0.007613380433437511,0.004167593559942451,0.05870082515173879,-1.4864303346023906,290
bfi_expanded,moral,Confidential_Info,openai-gpt-3.5-turbo-0125,neuroticism,-0.0754379822357267,0.20021468030947995,0.0056908891637982295,0.0022384269733946027,0.058757656440701106,-1.2838834426941377,290
bfi_expanded,moral,Underage_Drinking,openai-gpt-3.5-turbo-0125,openness,-0.01831290988520738,0.7561527983509697,0.000335362668463679,-0.003135695100048741,0.05891568355295791,-0.3108325114949458,290
bfi_expanded,moral,Underage_Drinking,openai-gpt-3.5-turbo-0125,conscientiousness,0.09606162507948754,0.10255674695713049,0.009227835812911978,0.005787654687262278,0.058653057257483286,1.6377939969571058,290
bfi_expanded,moral,Underage_Drinking,openai-gpt-3.5-turbo-0125,extraversion,-0.11822401965930192,0.04425712185821224,0.013976918824402884,0.010553227570320844,0.05851231711427886,-2.020497999222996,290
bfi_expanded,moral,Underage_Drinking,openai-gpt-3.5-turbo-0125,agreeableness,-0.09019983110721409,0.12538942524023872,0.008136009531769517,0.0046920373426436734,0.05868536605599219,-1.5370072160946169,290
bfi_expanded,moral,Underage_Drinking,openai-gpt-3.5-turbo-0125,neuroticism,-0.004740093810641046,0.9359408283073785,2.2468489333737907e-05,-0.003449675717300593,0.058924903110944886,-0.08044296316815848,290
bfi_expanded,moral,Exam_Cheating,openai-gpt-3.5-turbo-0125,openness,-0.13312457791449453,0.02336948623776487,0.01772215324491211,0.014311466277012408,0.058401087043818016,-2.279488013889397,290
bfi_expanded,moral,Exam_Cheating,openai-gpt-3.5-turbo-0125,conscientiousness,-0.06784105638636644,0.24947348462010704,0.004602408931618118,0.0011461672959639513,0.058789808943847624,-1.153959463470344,290
bfi_expanded,moral,Exam_Cheating,openai-gpt-3.5-turbo-0125,extraversion,-0.20423334009821392,0.0004654175679448775,0.04171125720767266,0.0383838657396437,0.05768354590374028,-3.5405822734793277,290
bfi_expanded,moral,Exam_Cheating,openai-gpt-3.5-turbo-0125,agreeableness,-0.14486884129703512,0.01353349448588458,0.02098698117874509,0.017587630418948952,0.05830395149383981,-2.484717374813634,290
bfi_expanded,moral,Exam_Cheating,openai-gpt-3.5-turbo-0125,neuroticism,0.10785740653529338,0.06662924266317886,0.011633220144520062,0.0082013910477996,0.058581815409906875,1.8411414153111654,290
bfi_expanded,moral,Honest_Feedback,openai-gpt-3.5-turbo-0125,openness,0.13787836291197486,0.01882020763452284,0.019010442959286555,0.015604229219561727,0.058362777004908675,2.3624366417721765,290
bfi_expanded,moral,Honest_Feedback,openai-gpt-3.5-turbo-0125,conscientiousness,0.12781537682174873,0.02954405210025261,0.01633677055208549,0.012921273227613495,0.058442256325983245,2.187036997832721,290
bfi_expanded,moral,Honest_Feedback,openai-gpt-3.5-turbo-0125,extraversion,0.331342485544771,7.3664665624726365e-09,0.10978784272698694,0.1066968282920111,0.05559689231401103,5.959730333007643,290
bfi_expanded,moral,Honest_Feedback,openai-gpt-3.5-turbo-0125,agreeableness,0.007699383723071927,0.8961301616426739,5.928050971515386e-05,-0.003412735877404094,0.05892381850422667,0.13066674765009742,290
bfi_expanded,moral,Honest_Feedback,openai-gpt-3.5-turbo-0125,neuroticism,-0.20446459385758795,0.00045839860598603744,0.04180577014134845,0.03847870684322807,0.05768070126238329,-3.544766089571286,290
bfi_expanded,moral,Workplace_Theft,openai-gpt-3.5-turbo-0125,openness,-0.14066833433772405,0.016526306548191174,0.01978758028534966,0.016384064939118148,0.058339655006105606,-2.4111958550835144,290
bfi_expanded,moral,Workplace_Theft,openai-gpt-3.5-turbo-0125,conscientiousness,0.061820677399872154,0.2940744511623634,0.0038217961541796575,0.0003628440574926506,0.05881285655948773,1.0511422334560827,290
bfi_expanded,moral,Workplace_Theft,openai-gpt-3.5-turbo-0125,extraversion,-0.06711409887100481,0.25459442292038614,0.004504302267267168,0.0010477199834728612,0.05879270604245232,-1.14153784353018,290
bfi_expanded,moral,Workplace_Theft,openai-gpt-3.5-turbo-0125,agreeableness,-0.16161752934359555,0.005806404833317372,0.026120225791128715,0.0227386987973478,0.05815089847784645,-2.779278284155256,290
bfi_expanded,moral,Workplace_Theft,openai-gpt-3.5-turbo-0125,neuroticism,0.007519629944677321,0.8985419598076363,5.6544834504568264e-05,-0.003415481051486813,0.058923899107164404,0.12761595988414534,290
bfi_expanded,risk,risk_sum,gpt-4,openness,-0.23049644323827742,7.440691638461877e-05,0.05312861034549643,0.0498408624647515,0.05733888628797041,-4.019897458082215,290
bfi_expanded,risk,risk_sum,gpt-4,conscientiousness,-0.07201025013996545,0.2214876525959972,0.005185476125220578,0.0017312590284330742,0.05877258797081706,-1.22523531166811,290
bfi_expanded,risk,risk_sum,gpt-4,extraversion,-0.7643215936289852,8.105452630955708e-57,0.5841874984875517,0.5827437050795223,0.03799728158736271,-20.11516513021254,290
bfi_expanded,risk,risk_sum,gpt-4,agreeableness,-0.17278757752004087,0.0031573018685993764,0.029855546945243727,0.026486989816581263,0.05803927229611299,-2.9770803575635596,290
bfi_expanded,risk,risk_sum,gpt-4,neuroticism,0.3539571214260379,5.517755449370465e-10,0.12528564380820695,0.12224844118254097,0.05511082131184343,6.422642831308554,290
bfi_expanded,risk,Investment,gpt-4,openness,-0.15223886194539007,0.00941818366857413,0.023176671086427847,0.019784923416588995,0.05823871281062786,-2.614049222557823,290
bfi_expanded,risk,Investment,gpt-4,conscientiousness,0.03864955905412467,0.512093975176364,0.0014937884150779679,-0.001973247041814119,0.05888153748750191,0.6563952081300247,290
bfi_expanded,risk,Investment,gpt-4,extraversion,-0.5911109679892502,1.031588521326935e-28,0.34941217647718814,0.347153190978845,0.04752878599694184,-12.436904406253598,290
bfi_expanded,risk,Investment,gpt-4,agreeableness,-0.009369638959383322,0.8737684872477461,8.77901342295484e-05,-0.0033841272611379036,0.05892297850047347,-0.15901502601923007,290
bfi_expanded,risk,Investment,gpt-4,neuroticism,0.2649457278081107,4.776208613247043e-06,0.07019623868376923,0.06696775340142114,0.05681976137179749,4.662915179710991,290
bfi_expanded,risk,Extreme_Sports,gpt-4,openness,-0.07299327425510489,0.21522851659112735,0.005328018086480202,0.0018742959270581228,0.0587683772059595,-1.2420501930705496,290
bfi_expanded,risk,Extreme_Sports,gpt-4,conscientiousness,0.10046402790182384,0.08767811474907175,0.01009302090225861,0.006655843891502422,0.05862744247155975,1.7136007246190053,290
bfi_expanded,risk,Extreme_Sports,gpt-4,extraversion,-0.4444921689431491,1.788516277713697e-15,0.19757328825178522,0.19478708439154824,0.05278450397831597,-8.42088369582383,290
bfi_expanded,risk,Extreme_Sports,gpt-4,agreeableness,0.041054415941973676,0.4861748018195159,0.0016854650683363337,-0.0017809048446209008,0.05887588566601072,0.6973044307964364,290
bfi_expanded,risk,Extreme_Sports,gpt-4,neuroticism,0.10822929057234142,0.06569073032596218,0.011713579337792268,0.008282029266048374,0.058579433863291674,1.8475646388956042,290
bfi_expanded,risk,Entrepreneurial_Venture,gpt-4,openness,-0.23881597382950634,3.974897809423526e-05,0.057033069356135724,0.053758878624733275,0.057220544661880875,-4.1736053936690425,290
bfi_expanded,risk,Entrepreneurial_Venture,gpt-4,conscientiousness,-0.06880319093716716,0.24280662296655384,0.004733879083136494,0.0012780939410639292,0.058785926394609486,-1.1704024271951634,290
bfi_expanded,risk,Entrepreneurial_Venture,gpt-4,extraversion,-0.727715717322954,4.4447169591416794e-49,0.529570165238862,0.527936728312608,0.04041580045296579,-18.005723236134813,290
bfi_expanded,risk,Entrepreneurial_Venture,gpt-4,agreeableness,-0.20398481867673957,0.00047307174463029496,0.04160980625058175,0.038282062522285054,0.0576865992089722,-3.5360867423956774,290
bfi_expanded,risk,Entrepreneurial_Venture,gpt-4,neuroticism,0.31863422965452687,2.8898247498615365e-08,0.1015277723075344,0.098408077072491,0.05585423202446947,5.704746410530445,290
bfi_expanded,risk,Confessing_Feelings,gpt-4,openness,-0.20166267730427404,0.0005504521430892998,0.040667835417527165,0.03733682095717128,0.05771494139610476,-3.4941156037955268,290
bfi_expanded,risk,Confessing_Feelings,gpt-4,conscientiousness,-0.1169948441917515,0.04652634799191479,0.013687793567452533,0.0102630984062283,0.05852089508221936,-1.9991977912740184,290
bfi_expanded,risk,Confessing_Feelings,gpt-4,extraversion,-0.6956379832760511,2.8846797360130778e-43,0.4839122037763717,0.4821202322617062,0.042331684524306086,-16.433033343537943,290
bfi_expanded,risk,Confessing_Feelings,gpt-4,agreeableness,-0.2176368259299187,0.0001876529067960522,0.047365788000850007,0.044058030320297314,0.05751310877141494,-3.7841255772647115,290
bfi_expanded,risk,Confessing_Feelings,gpt-4,neuroticism,0.3119724813029188,5.770565712550838e-08,0.09732682909030044,0.09419254724686388,0.05598465721460162,5.572463900369328,290
bfi_expanded,risk,Study_Overseas,gpt-4,openness,-0.25541847569914694,1.062232348193252e-05,0.0652385977284754,0.06199289841503253,0.05697103925191106,-4.483303781237922,290
bfi_expanded,risk,Study_Overseas,gpt-4,conscientiousness,-0.1888191727059976,0.001234888902183207,0.035652679981377444,0.03230425178686824,0.05786560458950644,-3.2630640264707225,290
bfi_expanded,risk,Study_Overseas,gpt-4,extraversion,-0.6901187886143259,2.418286254091435e-42,0.476263942398505,0.47444541442072197,0.04264420215906223,-16.183179744814858,290
bfi_expanded,risk,Study_Overseas,gpt-4,agreeableness,-0.25100947108817084,1.5216877148279554e-05,0.06300575457596258,0.059752302334906804,0.05703904137567256,-4.400660758566459,290
bfi_expanded,risk,Study_Overseas,gpt-4,neuroticism,0.42219703909270445,5.78353884616651e-14,0.17825033981864735,0.175397042387462,0.053416265605012496,7.903904069495382,290
bfi_expanded,risk,risk_sum,gpt-4o,openness,-0.32395357659177976,1.6433409587639285e-08,0.10494591978660583,0.10183809311919811,0.05574788486936178,-5.811046954533335,290
bfi_expanded,risk,risk_sum,gpt-4o,conscientiousness,-0.1423196328585088,0.015286994300507215,0.020254877896980883,0.01685298511190081,0.058325747188355245,-2.4400824630485483,290
bfi_expanded,risk,risk_sum,gpt-4o,extraversion,-0.8105043574489279,7.240362875027472e-69,0.6569173134436996,0.6557260541153791,0.034514624846874495,-23.482925311944218,290
bfi_expanded,risk,risk_sum,gpt-4o,agreeableness,-0.1914691484848597,0.001049575300574625,0.03666043482151704,0.03331550577575837,0.05783536155120518,-3.310589634947477,290
bfi_expanded,risk,risk_sum,gpt-4o,neuroticism,0.4133132884296293,2.154934412239863e-13,0.17082787439251446,0.16794880451193284,0.0536569648841745,7.702882362463465,290
bfi_expanded,risk,Investment,gpt-4o,openness,-0.26408808939345363,5.139090778873751e-06,0.06974251895948491,0.06651245826142749,0.056833622953823215,-4.6466875709828095,290
bfi_expanded,risk,Investment,gpt-4o,conscientiousness,0.06665470168380432,0.25786783359730236,0.004442849256556691,0.000986053594252967,0.058794520682659064,1.1336890055379523,290
bfi_expanded,risk,Investment,gpt-4o,extraversion,-0.6368434850279209,2.1687483155811027e-34,0.4055696244225079,0.4035056300628638,0.04543120469065363,-14.017754742896704,290
bfi_expanded,risk,Investment,gpt-4o,agreeableness,-0.0777676047598237,0.18662953225505283,0.006047800350080457,0.002596577434629266,0.05874710984764366,-1.3237690324087141,290
bfi_expanded,risk,Investment,gpt-4o,neuroticism,0.28281050965709575,9.800895351289379e-07,0.07998178437250658,0.07678727667935548,0.05651997605405549,5.003726636165183,290
bfi_expanded,risk,Extreme_Sports,gpt-4o,openness,-0.18867915237625937,0.0012454702515253015,0.035599822541423576,0.03225121081413673,0.057867190421574136,-3.260554918973839,290
bfi_expanded,risk,Extreme_Sports,gpt-4o,conscientiousness,0.058896184164863544,0.31755155484052155,0.0034687605091815454,8.582594282824374e-06,0.058823276981979485,1.0012394274277918,290
bfi_expanded,risk,Extreme_Sports,gpt-4o,extraversion,-0.5622153516914357,1.4420740563285022e-25,0.31608610167752427,0.31371140064168224,0.048730904319968536,-11.5371417694183,290
bfi_expanded,risk,Extreme_Sports,gpt-4o,agreeableness,-0.00102028032109309,0.9861975152671726,1.0409719342074908e-06,-0.0034711776358022917,0.058925534428941245,-0.017314740222228342,290
bfi_expanded,risk,Extreme_Sports,gpt-4o,neuroticism,0.27104081253437107,2.817582360794255e-06,0.0734631220592924,0.07024598012199823,0.05671985487723069,4.778587905787753,290
bfi_expanded,risk,Entrepreneurial_Venture,gpt-4o,openness,-0.3520481480232776,6.922745728607084e-10,0.12393789852662007,0.12089601622983737,0.05515326188705946,-6.3830884335397435,290
bfi_expanded,risk,Entrepreneurial_Venture,gpt-4o,conscientiousness,-0.21577370839524881,0.00021362813988389895,0.04655829323463745,0.04324773175281316,0.05753747893177261,-3.7501418623348304,290
bfi_expanded,risk,Entrepreneurial_Venture,gpt-4o,extraversion,-0.7256214359241819,1.1282410779626266e-48,0.5265264682726718,0.5248824629541741,0.04054633545090932,-17.896103996937377,290
bfi_expanded,risk,Entrepreneurial_Venture,gpt-4o,agreeableness,-0.20625389264053098,0.0004073209932716444,0.042540668229371414,0.03921615666072331,0.05765857758085969,-3.5771588772075242,290
bfi_expanded,risk,Entrepreneurial_Venture,gpt-4o,neuroticism,0.3538277611345322,5.603496567234056e-10,0.12519408454947634,0.12215656400971753,0.055113705552781965,6.419959565151614,290
bfi_expanded,risk,Confessing_Feelings,gpt-4o,openness,-0.21192505285696023,0.0002782636219300647,0.04491222802842576,0.041595951042413204,0.057587125175792626,-3.68007696529441,290
bfi_expanded,risk,Confessing_Feelings,gpt-4o,conscientiousness,-0.10559791782728788,0.07257018333382594,0.01115092024945874,0.00771741650032487,0.05859610694520436,-1.8021319731366598,290
bfi_expanded,risk,Confessing_Feelings,gpt-4o,extraversion,-0.7403269783161639,1.3474838521554453e-51,0.548084034822742,0.5465148821658765,0.039612531563451965,-18.68921144639031,290
bfi_expanded,risk,Confessing_Feelings,gpt-4o,agreeableness,-0.20586839494759765,0.00041785644585045744,0.04238179603830017,0.039056732830099694,0.057663361055356015,-3.5701768190370813,290
bfi_expanded,risk,Confessing_Feelings,gpt-4o,neuroticism,0.3694532543070343,8.267735839674994e-11,0.1364957071180587,0.13349742832332967,0.05475654111363273,6.747198540907318,290
bfi_expanded,risk,Study_Overseas,gpt-4o,openness,-0.34839301145137674,1.0643359507519382e-09,0.12137769042815882,0.11832691851992316,0.05523379317261813,-6.307606112847791,290
bfi_expanded,risk,Study_Overseas,gpt-4o,conscientiousness,-0.292159931789641,4.089409620194721e-07,0.08535742574332716,0.08218158347160254,0.05635461180528671,-5.184312737333647,290
bfi_expanded,risk,Study_Overseas,gpt-4o,extraversion,-0.7568414624061199,3.993317137615335e-55,0.5728089992170342,0.5713256971309821,0.038513661031534814,-19.651246911749613,290
bfi_expanded,risk,Study_Overseas,gpt-4o,agreeableness,-0.24072039073524093,3.4324975488263434e-05,0.057946306515726964,0.054675286746684204,0.05719282969955775,-4.2089260489432005,290
bfi_expanded,risk,Study_Overseas,gpt-4o,neuroticism,0.4481534199533593,9.858559329860706e-16,0.20084148781589262,0.19806663187080886,0.052676901437762026,8.507588861938935,290
bfi_expanded,risk,risk_sum,llama,openness,-0.34733150407480196,1.2047040216993786e-09,0.12063917372286415,0.11758583752051288,0.05525700138761753,-6.285746518135077,290
bfi_expanded,risk,risk_sum,llama,conscientiousness,-0.03331026690130385,0.5721007712561622,0.0011095738810356082,-0.002358795654099799,0.05889286489155793,-0.5656078535598419,290
bfi_expanded,risk,risk_sum,llama,extraversion,-0.732909616030746,4.2467336384458102e-50,0.5371565052703355,0.5355494098025242,0.04008859523369875,-18.282247401242362,290
bfi_expanded,risk,risk_sum,llama,agreeableness,0.0792425880285642,0.17838587444879583,0.006279387757464394,0.002828968964955547,0.05874026551275374,1.3490335349498712,290
bfi_expanded,risk,risk_sum,llama,neuroticism,0.23788834230872383,4.267501210398337e-05,0.05659086340639319,0.053315137237665344,0.05723395992527329,4.156419416362582,290
bfi_expanded,risk,Investment,llama,openness,-0.12972850704248431,0.027174756419957254,0.01682948553947139,0.013415699030927764,0.058427617686702744,-2.2203285394606906,290
bfi_expanded,risk,Investment,llama,conscientiousness,0.06662782600201549,0.25806022983950905,0.0044392671977547815,0.0009824590977468572,0.058794626455211,1.1332298548196698,290
bfi_expanded,risk,Investment,llama,extraversion,-0.5759105787275183,5.092862157536314e-27,0.3316729946902649,0.3293524148107171,0.048172397485984536,-11.95519859469473,290
bfi_expanded,risk,Investment,llama,agreeableness,0.11569946828100675,0.049022416273471224,0.0133863669605081,0.009960625179120886,0.05852983667657997,1.9767604840644044,290
bfi_expanded,risk,Investment,llama,neuroticism,0.2995118260235681,2.011237224821362e-07,0.08970733392797237,0.08654659550411103,0.05622044489206035,5.327453857731143,290
bfi_expanded,risk,Extreme_Sports,llama,openness,-0.22794623673910186,8.97674410035566e-05,0.05195948684351881,0.04866767950616979,0.05737427417709866,-3.972969418933202,290
bfi_expanded,risk,Extreme_Sports,llama,conscientiousness,0.042968927614501426,0.466056168408601,0.0018463287403396311,-0.0016194826182009958,0.05887114198434144,0.7298809937461433,290
bfi_expanded,risk,Extreme_Sports,llama,extraversion,-0.6521008154674767,1.6676484562052295e-36,0.4252354735333481,0.42323976337200553,0.044673371949546625,-14.597080699526076,290
bfi_expanded,risk,Extreme_Sports,llama,agreeableness,0.12149591675032069,0.038665328235099536,0.014761257787000215,0.011340289932093905,0.05848904046833261,2.07724243341112,290
bfi_expanded,risk,Extreme_Sports,llama,neuroticism,0.005109562823038179,0.930959669990543,2.6107632242755585e-05,-0.003446023938478815,0.0589247958903666,0.08671328845236649,290
bfi_expanded,risk,Entrepreneurial_Venture,llama,openness,-0.3373248043495521,3.7867130276829555e-09,0.11378802362946361,0.1107108987115103,0.05547183896314643,-6.081009944048529,290
bfi_expanded,risk,Entrepreneurial_Venture,llama,conscientiousness,-0.1321924399658492,0.024365124409227456,0.017474841184125123,0.01406329549379215,0.05840843851989969,-2.263242149861811,290
bfi_expanded,risk,Entrepreneurial_Venture,llama,extraversion,-0.6964742771812987,2.0813574925653326e-43,0.4850764187752127,0.4832884896737377,0.04228391066912988,-16.4713780291323,290
bfi_expanded,risk,Entrepreneurial_Venture,llama,agreeableness,0.029952169947296006,0.6114686817049877,0.0008971324845511441,-0.002571974694322021,0.058899127148652114,0.508533341618144,290
bfi_expanded,risk,Entrepreneurial_Venture,llama,neuroticism,0.2480595807576222,1.9283333829447407e-05,0.06153355560564788,0.058274991562611844,0.05708383346479047,4.345531224889203,290
bfi_expanded,risk,Confessing_Feelings,llama,openness,-0.20634315327233474,0.00040491699824919415,0.04257749690237034,0.039253113211059065,0.05765746865160845,-3.578775796057749,290
bfi_expanded,risk,Confessing_Feelings,llama,conscientiousness,-0.02286666082825118,0.6981832107907531,0.0005228841774339577,-0.0029475224747277373,0.058910157461694916,-0.38816159748205975,290
bfi_expanded,risk,Confessing_Feelings,llama,extraversion,0.0786688008272696,0.1815601349958312,0.0061887802236011424,0.0027380468215996157,0.05874294342303067,1.3392042727710307,290
bfi_expanded,risk,Confessing_Feelings,llama,agreeableness,-0.17141508470813208,0.0034094185303121913,0.029383131265495632,0.026012933804611893,0.058053401802854725,-2.952713870071657,290
bfi_expanded,risk,Confessing_Feelings,llama,neuroticism,0.05091754839465181,0.3876372122487812,0.0025925967345215017,-0.0008706234157058734,0.05884913041181953,0.8652217634880345,290
bfi_expanded,risk,Study_Overseas,llama,openness,-0.10649578948844632,0.07015968240046135,0.011341353178767166,0.007908510655082246,0.058590464443327585,-1.8176300614830558,290
bfi_expanded,risk,Study_Overseas,llama,conscientiousness,-0.07789439854207285,0.18591007108841828,0.006067537324231265,0.002616382939940265,0.058746526572137574,-1.3259404953316298,290
bfi_expanded,risk,Study_Overseas,llama,extraversion,-0.22226022999557543,0.00013538399531258063,0.04939960983768654,0.04609891403851174,0.057451682300648926,-3.868646157870036,290
bfi_expanded,risk,Study_Overseas,llama,agreeableness,0.08070002366177398,0.17050814409054543,0.006512493819011089,0.003062884422549206,0.05873337549010586,1.374006227096016,290
bfi_expanded,risk,Study_Overseas,llama,neuroticism,0.24817507483786025,1.9106402296093502e-05,0.061590867770777824,0.05833250272831514,0.05708209038273357,4.347687219824193,290
bfi_expanded,risk,risk_sum,deepseek,openness,-0.24867620803208076,1.8356353063426177e-05,0.06183985644121481,0.058582355942746744,0.05707451706732175,-4.357044453635182,290
bfi_expanded,risk,risk_sum,deepseek,conscientiousness,-0.09446967714570974,0.10840474955521956,0.00892451990001486,0.005483285594112042,0.05866203462123291,-1.610405737811149,290
bfi_expanded,risk,risk_sum,deepseek,extraversion,-0.6855634423856662,1.3495781854899826e-41,0.4699972335356848,0.4681569461521281,0.042898570880119634,-15.981032195722282,290
bfi_expanded,risk,risk_sum,deepseek,agreeableness,-0.01564273555493869,0.7908154013810649,0.0002446951756424065,-0.00322667741055338,0.05891835525704776,-0.2654985103825946,290
bfi_expanded,risk,risk_sum,deepseek,neuroticism,0.3615319749195516,2.2096292795155859e-10,0.1307053688892319,0.12768698475343054,0.05493982285920902,6.5805085656360385,290
bfi_expanded,risk,Investment,deepseek,openness,-0.24199837755885767,3.108574171475329e-05,0.05856321474111903,0.055294337014525574,0.05717410013802871,-4.232657391627143,290
bfi_expanded,risk,Investment,deepseek,conscientiousness,0.011777875102098113,0.8417068701668601,0.00013871834192091814,-0.0033330222193919123,0.058921477928789066,0.1998910332210699,290
bfi_expanded,risk,Investment,deepseek,extraversion,-0.553215024438848,1.1944864805383802e-24,0.30604686326487496,0.30363730376232234,0.049087264158359,-11.270031726643738,290
bfi_expanded,risk,Investment,deepseek,agreeableness,0.04583415347889412,0.43682537654821996,0.0021007696251268415,-0.001364158258119419,0.058863638039506935,0.7786496894420977,290
bfi_expanded,risk,Investment,deepseek,neuroticism,0.25771099416496973,8.788602974819737e-06,0.06641495651349782,0.06317334177916956,0.05693518011149275,4.526392885037155,290
bfi_expanded,risk,Extreme_Sports,deepseek,openness,-0.20475637740386843,0.00044968265172554405,0.04192517408755547,0.03859852538647046,0.05767710725309369,-3.550045887450184,290
bfi_expanded,risk,Extreme_Sports,deepseek,conscientiousness,0.002418432075118968,0.9672906327180127,5.848813701914146e-06,-0.003466353100139541,0.05892539277630073,0.04104227330821696,290
bfi_expanded,risk,Extreme_Sports,deepseek,extraversion,-0.4896877052699919,6.783041640080788e-19,0.2397940486925909,0.2371544446949957,0.05137707657696346,-9.531248912857741,290
bfi_expanded,risk,Extreme_Sports,deepseek,agreeableness,0.013195599370259084,0.8229501368530115,0.00017412384274029247,-0.0032974937828058604,0.05892043470262283,0.2239562460266724,290
bfi_expanded,risk,Extreme_Sports,deepseek,neuroticism,0.18503649706730263,0.001551778294858512,0.03423850524693828,0.030885166723490065,0.057908017782066376,3.195351941827421,290
bfi_expanded,risk,Entrepreneurial_Venture,deepseek,openness,-0.25961429731737795,7.498977061148434e-06,0.06739958337159646,0.06416138748052558,0.056905148194788514,-4.562228648077819,290
bfi_expanded,risk,Entrepreneurial_Venture,deepseek,conscientiousness,-0.09006611941192838,0.12595285188428654,0.008111905865923807,0.004667849983513772,0.05868607911941288,-1.5347101180275518,290
bfi_expanded,risk,Entrepreneurial_Venture,deepseek,extraversion,-0.6128758770265297,2.6730642344730164e-31,0.3756168406410382,0.3734488435599306,0.046561755562988645,-13.162645386027863,290
bfi_expanded,risk,Entrepreneurial_Venture,deepseek,agreeableness,0.019948021040088585,0.7351604270503187,0.00039792354341561254,-0.0030729169998364725,0.058913839997508474,0.33859651723486717,290
bfi_expanded,risk,Entrepreneurial_Venture,deepseek,neuroticism,0.28691677484580247,6.702380050915903e-07,0.08232123568791705,0.07913485108961116,0.05644806992542641,5.082844731889831,290
bfi_expanded,risk,Confessing_Feelings,deepseek,openness,-0.07119360401461791,0.22678524148620385,0.005068529252590603,0.0016139060902731206,0.05877604241795623,-1.211269100228975,290
bfi_expanded,risk,Confessing_Feelings,deepseek,conscientiousness,-0.037312051101977196,0.5268136352059196,0.0013921891574361078,-0.002075199074656142,0.05888453304639714,-0.6336477368781672,290
bfi_expanded,risk,Confessing_Feelings,deepseek,extraversion,-0.27783714927717,1.5404571013028228e-06,0.07719348151846428,0.07398929221818107,0.05660555891679815,-4.908301491829624,290
bfi_expanded,risk,Confessing_Feelings,deepseek,agreeableness,-0.07432517645086245,0.2069517222484612,0.0055242318544515,0.002071190992834926,0.058762580454031176,-1.264838539706499,290
bfi_expanded,risk,Confessing_Feelings,deepseek,neuroticism,0.15981336826286965,0.006385102405659719,0.025540312675522925,0.022156772094535038,0.05816820936721151,2.7474348961643282,290
bfi_expanded,risk,Study_Overseas,deepseek,openness,-0.03200688775555839,0.5872381065737466,0.0010244408637969382,-0.0024442242720927876,0.05889537448636855,-0.5434533362711947,290
bfi_expanded,risk,Study_Overseas,deepseek,conscientiousness,-0.17615745742824218,0.0026084036021173204,0.031031449807582878,0.02766697567497023,0.05800408720609748,-3.036983528459426,290
bfi_expanded,risk,Study_Overseas,deepseek,extraversion,-0.2774322165114823,1.5976121879711307e-06,0.07696863475847382,0.07376366474027396,0.05661245462086714,-4.900550918864801,290
bfi_expanded,risk,Study_Overseas,deepseek,agreeableness,-0.04984980668031104,0.39768039184925397,0.002485003226064486,-0.0009785905127339678,0.05885230444764578,-0.8470323659909826,290
bfi_expanded,risk,Study_Overseas,deepseek,neuroticism,0.2717294710341818,2.6523224308239787e-06,0.07383690542851618,0.0706210613501429,0.05670841276541951,4.79169593686602,290
bfi_expanded,risk,risk_sum,openai-gpt-3.5-turbo-0125,openness,-0.19117336718707087,0.0010689100228947381,0.03654725632164291,0.03320193429498186,0.05783875886169204,-3.3052812845486117,290
bfi_expanded,risk,risk_sum,openai-gpt-3.5-turbo-0125,conscientiousness,-0.021321941468403983,0.7176715232005426,0.00045462518798167206,-0.0030160184745602336,0.05891216905310594,-0.3619276256690443,290
bfi_expanded,risk,risk_sum,openai-gpt-3.5-turbo-0125,extraversion,-0.6487097068637709,5.0404423269198304e-36,0.42082428377927994,0.4188132569868468,0.044844473376694415,-14.465767083818719,290
bfi_expanded,risk,risk_sum,openai-gpt-3.5-turbo-0125,agreeableness,-0.1329221911832433,0.023582622325898216,0.0176683089089551,0.014257434981555517,0.05840268767273867,-2.2759601737522264,290
bfi_expanded,risk,risk_sum,openai-gpt-3.5-turbo-0125,neuroticism,0.29102406064412695,4.555245239507458e-07,0.08469500387379669,0.08151686152613613,0.05637501527858254,5.162287924996626,290
bfi_expanded,risk,Investment,openai-gpt-3.5-turbo-0125,openness,-0.18699971210110444,0.001379041851276195,0.03496889232589617,0.0316180898686943,0.0578861162732632,-3.2304760474572904,290
bfi_expanded,risk,Investment,openai-gpt-3.5-turbo-0125,conscientiousness,0.1382157059858127,0.018528871529377787,0.019103581381156753,0.01569769103873009,0.05836000636074795,2.368329179600201,290
bfi_expanded,risk,Investment,openai-gpt-3.5-turbo-0125,extraversion,-0.48375805162272956,2.0399795569572063e-18,0.23402185250981988,0.23136220616436776,0.051571759185158814,-9.380289896373055,290
bfi_expanded,risk,Investment,openai-gpt-3.5-turbo-0125,agreeableness,-0.04503948977730959,0.44482546106305476,0.002028555639400298,-0.0014366229868518765,0.058865767864286656,-0.7651219275886597,290
bfi_expanded,risk,Investment,openai-gpt-3.5-turbo-0125,neuroticism,0.15815456342114032,0.006962175974930954,0.025012865930932104,0.021627493937636633,0.05818394961924947,2.7181819807024024,290
bfi_expanded,risk,Extreme_Sports,openai-gpt-3.5-turbo-0125,openness,-0.10899078850344815,0.0638027766791233,0.011878991978603426,0.008448016256306867,0.05857453134508643,-1.8607197701905458,290
bfi_expanded,risk,Extreme_Sports,openai-gpt-3.5-turbo-0125,conscientiousness,0.041584913140596556,0.4805537216251754,0.0017293050009103972,-0.0017369126900588228,0.058874592915527345,0.7063303724284287,290
bfi_expanded,risk,Extreme_Sports,openai-gpt-3.5-turbo-0125,extraversion,-0.582051171453434,1.0802245909972424e-27,0.33878356619031447,0.3364876757951418,0.04791545048491684,-12.147463199509229,290
bfi_expanded,risk,Extreme_Sports,openai-gpt-3.5-turbo-0125,agreeableness,-0.06443356278099863,0.2741032990176096,0.00415168401265309,0.0006938773599191039,0.05880311771270163,-1.0957507915788758,290
bfi_expanded,risk,Extreme_Sports,openai-gpt-3.5-turbo-0125,neuroticism,0.24059642107414506,3.465562055180935e-05,0.05788663783368719,0.05461541088172073,0.05719464093747202,4.206625255977685,290
bfi_expanded,risk,Entrepreneurial_Venture,openai-gpt-3.5-turbo-0125,openness,-0.26592972331947806,4.389942189900523e-06,0.07071861774477461,0.06749194627861055,0.05680379799066234,-4.681548289485727,290
bfi_expanded,risk,Entrepreneurial_Venture,openai-gpt-3.5-turbo-0125,conscientiousness,-0.09042924106044001,0.1244273055143517,0.008177447638767599,0.004733619331957706,0.05868414016418607,-1.5409485562442888,290
bfi_expanded,risk,Entrepreneurial_Venture,openai-gpt-3.5-turbo-0125,extraversion,-0.6527990606250277,1.3256534705877497e-36,0.42614661355291894,0.4241540670721998,0.04463794888566264,-14.624306826846645,290
bfi_expanded,risk,Entrepreneurial_Venture,openai-gpt-3.5-turbo-0125,agreeableness,-0.13191046059644457,0.024673428578081105,0.017400369614766542,0.013988565342595516,0.05841065204370646,-2.258328848952773,290
bfi_expanded,risk,Entrepreneurial_Venture,openai-gpt-3.5-turbo-0125,neuroticism,0.2713204497698384,2.749325010629379e-06,0.07361478646330788,0.07039817113852764,0.05671521246350196,4.78390960704664,290
bfi_expanded,risk,Confessing_Feelings,openai-gpt-3.5-turbo-0125,openness,-0.11652709586537101,0.04741509359620947,0.0135785640708177,0.010153489640507996,0.05852413545119361,-1.9910946990844343,290
bfi_expanded,risk,Confessing_Feelings,openai-gpt-3.5-turbo-0125,conscientiousness,-0.07893702513764465,0.1800711338100588,0.006231053937580833,0.0027804673193084772,0.05874169403645327,-1.343798922255439,290
bfi_expanded,risk,Confessing_Feelings,openai-gpt-3.5-turbo-0125,extraversion,-0.4966583956097277,1.808270484725844e-19,0.24666956192962874,0.2440538312418843,0.05114421460677974,-9.710939926016383,290
bfi_expanded,risk,Confessing_Feelings,openai-gpt-3.5-turbo-0125,agreeableness,-0.14208537864198748,0.015457694977925304,0.020188254823837237,0.0167861307086421,0.058327730242098474,-2.4359833316372783,290
bfi_expanded,risk,Confessing_Feelings,openai-gpt-3.5-turbo-0125,neuroticism,0.26334456672028184,5.4748031351104486e-06,0.0693503608210927,0.06611893846283246,0.05684560104581603,4.632628767668992,290
bfi_expanded,risk,Study_Overseas,openai-gpt-3.5-turbo-0125,openness,-0.1544670984896062,0.008414918365688908,0.023860084515797353,0.020470709809254917,0.0582183365147302,-2.6532379270322073,290
bfi_expanded,risk,Study_Overseas,openai-gpt-3.5-turbo-0125,conscientiousness,-0.04756570216985528,0.4196819195542424,0.0022624960229115088,-0.0012018703103424677,0.05885886792365091,-0.8081314481201946,290
bfi_expanded,risk,Study_Overseas,openai-gpt-3.5-turbo-0125,extraversion,-0.5953428405250719,3.357021755468425e-29,0.3544330977644612,0.3521915460205878,0.04734502871340767,-12.574558653852424,290
bfi_expanded,risk,Study_Overseas,openai-gpt-3.5-turbo-0125,agreeableness,-0.1728767079015596,0.003141529195769701,0.029886356134881997,0.02651790598257242,0.05803835070287093,-2.9786633460107623,290
bfi_expanded,risk,Study_Overseas,openai-gpt-3.5-turbo-0125,neuroticism,0.30996308496142866,7.08553667068172e-08,0.09607711403880581,0.09293849290699607,0.05602339807446251,5.532743382496126,290
bfi_likert,moral,ethic_sum,gpt-4,openness,0.07435696854986938,0.20675700594898022,0.005528958771926384,0.002075934323217732,0.05876244079944762,1.2653825732604416,290
bfi_likert,moral,ethic_sum,gpt-4,conscientiousness,0.2288583606534787,8.39599219811453e-05,0.05237614924099798,0.04908578864808466,0.057361664837356344,3.989744044256478,290
bfi_likert,moral,ethic_sum,gpt-4,extraversion,0.13933776810303133,0.017587898648976516,0.01941501361993414,0.01601020463944769,0.05835074104487738,2.387934850662258,290
bfi_likert,moral,ethic_sum,gpt-4,agreeableness,0.1571786639531669,0.007323046786626827,0.024705132402102925,0.02131869188961011,0.05819313114528809,2.7009831033278866,290
bfi_likert,moral,ethic_sum,gpt-4,neuroticism,-0.08491950049232054,0.14916473130521596,0.0072113215638652806,0.0037641386526285903,0.0587127150729428,-1.4463562175044922,290
bfi_likert,moral,Confidential_Info,gpt-4,openness,0.08479154375504022,0.14978065470578728,0.007189605892362616,0.0037423475794887695,0.05871335719300795,1.4441610531025446,290
bfi_likert,moral,Confidential_Info,gpt-4,conscientiousness,0.19168554929565398,0.0010356340238909627,0.03674334980877636,0.03339870866227901,0.0578328725423293,3.3144739465492505,290
bfi_likert,moral,Confidential_Info,gpt-4,extraversion,0.1127908202926467,0.05503631991520402,0.012721769142288064,0.00929371972958759,0.05854954664812005,1.926416629158789,290
bfi_likert,moral,Confidential_Info,gpt-4,agreeableness,0.1164489206868337,0.04756500663573081,0.013560351129128234,0.010135213459437575,0.05852467573332233,1.9897405534966663,290
bfi_likert,moral,Confidential_Info,gpt-4,neuroticism,0.00013051126130887968,0.9982343405276781,1.7033189303461427e-08,-0.0034722051298901047,0.058925564597033686,0.00221484956828822,290
bfi_likert,moral,Underage_Drinking,gpt-4,openness,0.13401211652742986,0.0224543353021019,0.017959247376161613,0.014549383651773162,0.05839403843191808,2.294962296256925,290
bfi_likert,moral,Underage_Drinking,gpt-4,conscientiousness,0.18155447411291198,0.0019076424527084438,0.0329620270704154,0.02960425633107644,0.05794627459413451,3.1331517924931354,290
bfi_likert,moral,Underage_Drinking,gpt-4,extraversion,0.07824450248943965,0.18393408432857444,0.006122202169820512,0.002671237594021214,0.05874491106299534,1.3319366915975726,290
bfi_likert,moral,Underage_Drinking,gpt-4,agreeableness,0.1377095254686039,0.018967509744947316,0.018963913404787758,0.01555753810410987,0.05836416109803877,2.3594877897290876,290
bfi_likert,moral,Underage_Drinking,gpt-4,neuroticism,-0.03614791568954739,0.5397979124389749,0.0013066718086987006,-0.00216101335863228,0.058887054327168495,-0.613851653857815,290
bfi_likert,moral,Exam_Cheating,gpt-4,openness,0.11242466699619184,0.05583500774207375,0.01263930574920491,0.009210970005278485,0.058551991801529424,1.9200827083265035,290
bfi_likert,moral,Exam_Cheating,gpt-4,conscientiousness,0.2151591320187336,0.00022290829591122214,0.04629345209105473,0.04298197102192636,0.05754546957952714,3.7389412857494593,290
bfi_likert,moral,Exam_Cheating,gpt-4,extraversion,0.10651403586395032,0.07011138267816536,0.011345239836026422,0.007912410807679238,0.058590349276541505,1.8179450571494813,290
bfi_likert,moral,Exam_Cheating,gpt-4,agreeableness,0.1379186515468855,0.018785205288856684,0.01902155444451148,0.015615379286332609,0.05836244647184334,2.3631403391121317,290
bfi_likert,moral,Exam_Cheating,gpt-4,neuroticism,-0.042127176043800056,0.4748445767131091,0.0017746989614250142,-0.0016913611116256,0.058873254310005604,-0.7155571156636482,290
bfi_likert,moral,Honest_Feedback,gpt-4,openness,0.02853878893857186,0.6283875176577421,0.0008144624740807904,-0.002654931753439893,0.058901563880091934,0.4845166589578049,290
bfi_likert,moral,Honest_Feedback,gpt-4,conscientiousness,0.22053165146641485,0.00015308217477703355,0.04863420929850437,0.04533085585856855,0.05747480700216184,3.8370142149084523,290
bfi_likert,moral,Honest_Feedback,gpt-4,extraversion,0.15049018280698065,0.010278438144616093,0.02264729512127861,0.019253709340449565,0.05825449150777039,2.5833232582058883,290
bfi_likert,moral,Honest_Feedback,gpt-4,agreeableness,0.14465247966575295,0.013675132280471243,0.020924339873451214,0.017524771609122802,0.05830581672807865,2.48092708040383,290
bfi_likert,moral,Honest_Feedback,gpt-4,neuroticism,-0.12436801097120824,0.03426073705351965,0.015467402152934295,0.012048886188187446,0.05846807645841227,-2.1271096725692678,290
bfi_likert,moral,Workplace_Theft,gpt-4,openness,0.046973939561956675,0.42549602961695665,0.0022065509979707354,-0.001258009588841924,0.058860518064425826,0.7980551498126692,290
bfi_likert,moral,Workplace_Theft,gpt-4,conscientiousness,0.2068619715710149,0.0003912030713147073,0.042791875282247926,0.03946823596031124,0.057651013190894065,3.58817582071027,290
bfi_likert,moral,Workplace_Theft,gpt-4,extraversion,0.13741869482231833,0.01922359701775148,0.018883897686669093,0.015477244553636638,0.058366541211831255,2.3544087411926804,290
bfi_likert,moral,Workplace_Theft,gpt-4,agreeableness,0.1573837670879593,0.007245846533760196,0.02476965014279653,0.02138343365023665,0.058191206316416354,2.704597086923762,290
bfi_likert,moral,Workplace_Theft,gpt-4,neuroticism,-0.10727525082284264,0.0681204449236986,0.011507979439103422,0.008075715478822465,0.05858552688404259,-1.8310879244146914,290
bfi_likert,moral,ethic_sum,gpt-4o,openness,-0.11091220882524903,0.05923655369465575,0.012301518066495154,0.008872009448670393,0.058562006606883495,-1.8939277400411378,290
bfi_likert,moral,ethic_sum,gpt-4o,conscientiousness,-0.12999999097623274,0.026852127012658447,0.01689999765382022,0.013486455979006995,0.05842552246076303,-2.2250548305072866,290
bfi_likert,moral,ethic_sum,gpt-4o,extraversion,-0.21196040362992694,0.0002775947224274321,0.04492721270696187,0.041610987751083184,0.05758667342257757,-3.6807197053133693,290
bfi_likert,moral,ethic_sum,gpt-4o,agreeableness,-0.31223318408029094,5.618270626078107e-08,0.0974895612409169,0.09435584443967004,0.05597961058498725,-5.577623367105494,290
bfi_likert,moral,ethic_sum,gpt-4o,neuroticism,0.22431217339998266,0.00011686640796441713,0.0503159511354242,0.04701843707686659,0.05742398504595045,3.906245329725705,290
bfi_likert,moral,Confidential_Info,gpt-4o,openness,-0.04755397460681775,0.4197966905934375,0.0022613805009051857,-0.0012029897056888839,0.05885890082726721,-0.807931747593691,290
bfi_likert,moral,Confidential_Info,gpt-4o,conscientiousness,-0.08217716820406759,0.16279145725535388,0.006753086974040423,0.0033043129704779517,0.05872626332027572,-1.3993256774383473,290
bfi_likert,moral,Confidential_Info,gpt-4o,extraversion,-0.08777617379756614,0.13590947354074298,0.007704656686540412,0.0042591867444796705,0.058698125541286415,-1.4953829102400746,290
bfi_likert,moral,Confidential_Info,gpt-4o,agreeableness,-0.21614887417824596,0.00020814183675598897,0.046720335808523195,0.0434103369745249,0.05753258932116809,-3.756981507848072,290
bfi_likert,moral,Confidential_Info,gpt-4o,neuroticism,0.22286934176426146,0.00012961838680588633,0.04967074349843581,0.04637098913558302,0.057443488428651684,3.8798016600450507,290
bfi_likert,moral,Underage_Drinking,gpt-4o,openness,0.1176162529141514,0.04536725303109323,0.013833582949565493,0.01040939400147356,0.058516569859244,2.0099649244148456,290
bfi_likert,moral,Underage_Drinking,gpt-4o,conscientiousness,0.15121684875650385,0.009912851047534768,0.02286653534784755,0.019473710817805245,0.058247957303601626,2.596088442523867,290
bfi_likert,moral,Underage_Drinking,gpt-4o,extraversion,0.037073864910739926,0.5294573014323259,0.0013744714594199348,-0.002092978292457248,0.05888505542051405,0.629597181253978,290
bfi_likert,moral,Underage_Drinking,gpt-4o,agreeableness,0.07080669655954283,0.2293262542821876,0.005013588277675063,0.0015587743480836025,0.05877766522746039,1.2046530988519528,290
bfi_likert,moral,Underage_Drinking,gpt-4o,neuroticism,0.1412265906267116,0.01609784787811004,0.01994494990004536,0.016541980976087056,0.0583349717061572,2.420959271877135,290
bfi_likert,moral,Exam_Cheating,gpt-4o,openness,-0.10530997604239342,0.07335734733182392,0.011090191054048848,0.007656476439653059,0.05859790622876947,-1.7971627796948486,290
bfi_likert,moral,Exam_Cheating,gpt-4o,conscientiousness,0.020163046539420592,0.7324140241366244,0.00040654844575105376,-0.0030642621499235023,0.058913585832764216,0.3422478237304495,290
bfi_likert,moral,Exam_Cheating,gpt-4o,extraversion,-0.15712353138800975,0.007343923331096092,0.02468780411583882,0.02130130343568537,0.058193648108305886,-2.7000117108242225,290
bfi_likert,moral,Exam_Cheating,gpt-4o,agreeableness,-0.09414075141666728,0.10964516192173666,0.008862481077294038,0.005421031358812334,0.058663870640127534,-1.6047483807226433,290
bfi_likert,moral,Exam_Cheating,gpt-4o,neuroticism,-0.010472148550084317,0.8590615333549876,0.00010966589525407411,-0.0033621755426096467,0.05892233394786467,-0.1777279996978773,290
bfi_likert,moral,Honest_Feedback,gpt-4o,openness,-0.16958172618977427,0.0037746199893338626,0.028757961857503345,0.025385593669508433,0.0580720947443329,-2.920193027931428,290
bfi_likert,moral,Honest_Feedback,gpt-4o,conscientiousness,-0.16300882171286116,0.005392748762752768,0.026571875956215685,0.023191917192174616,0.05813741277388356,-2.80385407494583,290
bfi_likert,moral,Honest_Feedback,gpt-4o,extraversion,-0.19569766840263605,0.0008061518354615269,0.03829757741822826,0.034958332895374755,0.057786196646373696,-3.3865815672247885,290
bfi_likert,moral,Honest_Feedback,gpt-4o,agreeableness,-0.3117007593125772,5.933530477457222e-08,0.09715736335603675,0.09402249308991184,0.05598991218179283,-5.567087840761753,290
bfi_likert,moral,Honest_Feedback,gpt-4o,neuroticism,0.14972158360786936,0.010678065537402782,0.022416552598048978,0.019022165627903265,0.05826136773322138,2.5698261031811684,290
bfi_likert,moral,Workplace_Theft,gpt-4o,openness,-0.03863004271523143,0.5123072132807182,0.0014922802001802182,-0.00197476049356915,0.05888158195691902,-0.6560632617427854,290
bfi_likert,moral,Workplace_Theft,gpt-4o,conscientiousness,-0.21104063226175224,0.000295495542671808,0.04453814846544035,0.04122057259205636,0.057598401656503366,-3.66400153810386,290
bfi_likert,moral,Workplace_Theft,gpt-4o,extraversion,-0.14653333576029334,0.01248630371398021,0.021472018489039013,0.01807435188657025,0.05828950679555122,-2.5138887565862382,290
bfi_likert,moral,Workplace_Theft,gpt-4o,agreeableness,-0.2529845762108508,1.2964246260747781e-05,0.06400119580058417,0.06075119995266942,0.05700873483874764,-4.437645861225156,290
bfi_likert,moral,Workplace_Theft,gpt-4o,neuroticism,0.15760753395958185,0.0071624507624204045,0.02484013476082081,0.021454163006518034,0.0581891033983399,2.7085403409752193,290
bfi_likert,moral,ethic_sum,llama,openness,-0.0018353999997781716,0.9751732249306766,3.3686931597554093e-06,-0.0034688418322113,0.058925465847721306,-0.03114782332856428,290
bfi_likert,moral,ethic_sum,llama,conscientiousness,-0.021527910913339155,0.7150620797798014,0.00046345094829236544,-0.003007162069248448,0.05891190896194634,-0.36542545119773545,290
bfi_likert,moral,ethic_sum,llama,extraversion,-0.07205951489787873,0.22117091696462501,0.005192573687317292,0.0017383812348426009,0.058772378312218994,-1.2260779122307068,290
bfi_likert,moral,ethic_sum,llama,agreeableness,-0.0661499683614342,0.26149763070509074,0.004375818314218627,0.0009187899055873583,0.05879649996922594,-1.1250664307579035,290
bfi_likert,moral,ethic_sum,llama,neuroticism,0.0037565876410456185,0.949212038652703,1.4111950704553955e-05,-0.003458061271689017,0.05892514932007702,0.06375185611563094,290
bfi_likert,moral,Confidential_Info,llama,openness,0.08064982199273833,0.1707751096944242,0.00650439378746126,0.003054756265889802,0.05873361492000395,1.3731458910299421,290
bfi_likert,moral,Confidential_Info,llama,conscientiousness,-0.04317973919691801,0.4638693194452784,0.0018644898771136287,-0.0016012584219242676,0.058870606409631966,-0.7334685648805083,290
bfi_likert,moral,Confidential_Info,llama,extraversion,-0.08811885372682544,0.13438218660127574,0.007764932382130385,0.004319671730679375,0.058696342743402095,-1.5012665118173936,290
bfi_likert,moral,Confidential_Info,llama,agreeableness,-0.040840987625137354,0.48844619848582915,0.0016679862701964865,-0.001798444333032112,0.0588764010723183,-0.6936733034169681,290
bfi_likert,moral,Confidential_Info,llama,neuroticism,-0.022418743135116062,0.7038145047924715,0.0005026000437581279,-0.002967877039423472,0.05891075524198769,-0.3805543324478968,290
bfi_likert,moral,Underage_Drinking,llama,openness,0.01014965786091366,0.863358609408075,0.00010301555469360846,-0.0033688489746304118,0.058922529895821495,0.17225427826773312,290
bfi_likert,moral,Underage_Drinking,llama,conscientiousness,-0.019266565970212222,0.7438864054699902,0.00037120056428441295,-0.0030997327670896357,0.05891462748226466,-0.3270251683423123,290
bfi_likert,moral,Underage_Drinking,llama,extraversion,-0.03614513361964347,0.539829132291767,0.001306470684382055,-0.0021612151812973046,0.058887060256725555,-0.6138043478832906,290
bfi_likert,moral,Underage_Drinking,llama,agreeableness,-0.1184940667672366,0.043771228917266605,0.014040843859038254,0.010617374566882054,0.05851042037240989,-2.0251788657992877,290
bfi_likert,moral,Underage_Drinking,llama,neuroticism,0.07143534334710157,0.22520779498789564,0.0051030082791179154,0.0016485048356424947,0.05877502397681579,1.2154030490107453,290
bfi_likert,moral,Exam_Cheating,llama,openness,-0.10437987242163929,0.0759476093566895,0.010895157766757757,0.007460765953447801,0.058603684298087155,-1.7811145096392222,290
bfi_likert,moral,Exam_Cheating,llama,conscientiousness,-0.017846422328200263,0.7621755478256463,0.0003184947899161905,-0.0031526215476189723,0.05891618060885325,-0.30291207175637086,290
bfi_likert,moral,Exam_Cheating,llama,extraversion,-0.12865152282069042,0.028487631412330072,0.01655121432408302,0.013136461596041538,0.05843588561869646,-2.2015842056397035,290
bfi_likert,moral,Exam_Cheating,llama,agreeableness,-0.07785389303721141,0.186139687883225,0.0060612286610496335,0.0026100523716782176,0.058746713009081256,-1.3252467933852998,290
bfi_likert,moral,Exam_Cheating,llama,neuroticism,0.05206037536630269,0.37705992072662586,0.0027102826832805516,-0.0007525288351803994,0.058845658450397326,0.884693565119776,290
bfi_likert,moral,Honest_Feedback,llama,openness,0.04871295152909443,0.4085433850631819,0.002372951646675614,-0.0010910311601068923,0.058855609815737814,0.8276687928576816,290
bfi_likert,moral,Honest_Feedback,llama,conscientiousness,0.11503878710870241,0.05033794217044245,0.013233922539441112,0.009807651437147458,0.05853435830598649,1.9653207182581696,290
bfi_likert,moral,Honest_Feedback,llama,extraversion,0.11359893470491826,0.05330708314692432,0.012904717966091717,0.009477303792362779,0.05854412159840512,1.9403986532443414,290
bfi_likert,moral,Honest_Feedback,llama,agreeableness,0.013508118965774031,0.8188285574784119,0.00018246927799314694,-0.00328911937034726,0.058920188800956015,0.22926129804857065,290
bfi_likert,moral,Honest_Feedback,llama,neuroticism,-0.1410048029594318,0.016266891700112633,0.019882354457628537,0.01647916818838413,0.0583368345836859,-2.417080116974058,290
bfi_likert,moral,Workplace_Theft,llama,openness,-0.031401500418229526,0.594331198396425,0.0009860542285158314,-0.0024827441943018336,0.05889650603234161,-0.5331640624146048,290
bfi_likert,moral,Workplace_Theft,llama,conscientiousness,-0.10107989730946863,0.08574231173776686,0.010217145640092795,0.0067803996180096915,0.058623766699888995,-1.724213625284846,290
bfi_likert,moral,Workplace_Theft,llama,extraversion,-0.08811294069831167,0.1344084279209041,0.0077638903185042185,0.0043186260487767525,0.058696373565386595,-1.5011649842414132,290
bfi_likert,moral,Workplace_Theft,llama,agreeableness,0.0026311568025100943,0.9644153459411812,6.92298611926212e-06,-0.0034652751979569185,0.058925361128091325,0.04465236618220317,290
bfi_likert,moral,Workplace_Theft,llama,neuroticism,0.07453827558190744,0.20564908745602165,0.005555954526724305,0.0021030238132753176,0.05876164321603729,1.2684852142045677,290
bfi_likert,moral,ethic_sum,deepseek,openness,0.02511329783145305,0.6701922395290019,0.0006306777279713183,-0.0028393546410288018,0.0589069806474589,0.42632125353273176,290
bfi_likert,moral,ethic_sum,deepseek,conscientiousness,0.16869208368839936,0.003964276530627715,0.02845701909913423,0.025083605971006118,0.058081090968817105,2.90442346854276,290
bfi_likert,moral,ethic_sum,deepseek,extraversion,-0.07760561279121747,0.18755169164407462,0.006022631136700651,0.002571320828147483,0.05874785365060684,-1.320994861408283,290
bfi_likert,moral,ethic_sum,deepseek,agreeableness,0.16767565813209662,0.004191465111448616,0.028115126330032214,0.024740526074233604,0.0580913096409308,2.886415527012896,290
bfi_likert,moral,ethic_sum,deepseek,neuroticism,0.04371283357213866,0.45836472293318964,0.0019108118189057333,-0.0015547756400564605,0.058869240346399225,0.7425411524749255,290
bfi_likert,moral,Confidential_Info,deepseek,openness,-0.0002071879146788864,0.9971970016310241,4.292683197792968e-08,-0.003472179146338794,0.058925563834135004,-0.0035160955822515945,290
bfi_likert,moral,Confidential_Info,deepseek,conscientiousness,0.11834473802610515,0.04403935771648113,0.014005477018467105,0.010581884924781182,0.05851146976179867,2.0225904170223186,290
bfi_likert,moral,Confidential_Info,deepseek,extraversion,-0.07984722633872506,0.1750855930018287,0.006375579553987376,0.002925494760771974,0.05873742242570165,-1.3593927523756373,290
bfi_likert,moral,Confidential_Info,deepseek,agreeableness,0.11431142149690471,0.05182015210207055,0.01306710108464293,0.009640250741186684,0.05853930597005829,1.9527293602587765,290
bfi_likert,moral,Confidential_Info,deepseek,neuroticism,-0.0007384344219291955,0.9900101271787427,5.452853955034698e-07,-0.0034716750434746757,0.05892554903325162,-0.012531651109648514,290
bfi_likert,moral,Underage_Drinking,deepseek,openness,0.03064371087419873,0.6032644148731852,0.0009390370161411754,-0.002529924660886307,0.0588978919574146,0.5202853592171904,290
bfi_likert,moral,Underage_Drinking,deepseek,conscientiousness,0.1346953632377986,0.02177110181819917,0.018142840877761968,0.014733614630809688,0.05838857976481545,2.306878567355822,290
bfi_likert,moral,Underage_Drinking,deepseek,extraversion,-0.06260470685547241,0.28798249567546025,0.00391934932045912,0.0004607359500439223,0.05880997679318594,-1.0645252773288996,290
bfi_likert,moral,Underage_Drinking,deepseek,agreeableness,0.1202877156085359,0.040656387713486696,0.014469134526320149,0.01104715235453646,0.05849771082515631,2.056280731532617,290
bfi_likert,moral,Underage_Drinking,deepseek,neuroticism,0.059307088463647885,0.31418108557917557,0.003517330742034641,5.732147377768282e-05,0.0588218434619046,1.0082494014669492,290
bfi_likert,moral,Exam_Cheating,deepseek,openness,0.01704642990112799,0.7725373709465703,0.0002905807723744269,-0.003180632488832602,0.05891700315874044,0.28932954813060824,290
bfi_likert,moral,Exam_Cheating,deepseek,conscientiousness,0.11995764339069649,0.04121513216521986,0.01438983620784906,0.01096757869468179,0.058500064215068974,2.050555755796875,290
bfi_likert,moral,Exam_Cheating,deepseek,extraversion,-0.05386894046009751,0.36068695481012447,0.0029018627462931157,-0.0005602835636155934,0.05884000603253455,-0.9155155495788295,290
bfi_likert,moral,Exam_Cheating,deepseek,agreeableness,0.1700487038031841,0.0036783867585762397,0.02891656166514245,0.025544744170924116,0.058067353084312844,2.9284734841671907,290
bfi_likert,moral,Exam_Cheating,deepseek,neuroticism,0.05202966339941438,0.37734183579510716,0.0027070858734563608,-0.0007557367450385932,0.058845752765131064,0.8841702409191451,290
bfi_likert,moral,Honest_Feedback,deepseek,openness,0.018349371570201067,0.7556826622008064,0.00033669943702119287,-0.0031343536899337554,0.05891564416141763,0.3114515988304785,290
bfi_likert,moral,Honest_Feedback,deepseek,conscientiousness,0.1984086047280613,0.0006787350844225312,0.039365974430135786,0.03603043961912922,0.05775408912801304,3.435403583082833,290
bfi_likert,moral,Honest_Feedback,deepseek,extraversion,0.01868081024723014,0.7514132457905671,0.0003489726714925867,-0.0031220378400649285,0.058915282495777904,0.3170791933072523,290
bfi_likert,moral,Honest_Feedback,deepseek,agreeableness,0.18070487144936415,0.0020051025134460196,0.03265425056553073,0.02929541115777201,0.05795549506093942,3.1179937512285143,290
bfi_likert,moral,Honest_Feedback,deepseek,neuroticism,0.005773765536531602,0.9220118207178625,3.3336368470360256e-05,-0.0034387701024725104,0.058924582908517875,0.09798568358974286,290
bfi_likert,moral,Workplace_Theft,deepseek,openness,0.03322834105614796,0.5730467958510144,0.001104122649343675,-0.0023642658136795447,0.0588930255889703,0.564215214345705,290
bfi_likert,moral,Workplace_Theft,deepseek,conscientiousness,0.06260194800343405,0.2880037825812104,0.003919003893824491,0.00046038932401126775,0.05880998699041781,1.064478181463194,290
bfi_likert,moral,Workplace_Theft,deepseek,extraversion,-0.09818180516813119,0.09515921576780492,0.009639666866072982,0.006200915709357879,0.05864086592739762,-1.674289825284787,290
bfi_likert,moral,Workplace_Theft,deepseek,agreeableness,0.039097404258994176,0.5072134428628665,0.0015286070197910728,-0.001938307539168127,0.058880510858509545,0.6640126535747224,290
bfi_likert,moral,Workplace_Theft,deepseek,neuroticism,0.056890031774849116,0.334344381896419,0.0032364757153435786,-0.00022450874397828002,0.058830132239539555,0.9670219938178806,290
bfi_likert,moral,ethic_sum,openai-gpt-3.5-turbo-0125,openness,0.042508110586123846,0.4708562142643067,0.0018069394656018423,-0.0016590086612537913,0.05887230356335266,0.7220391935297851,290
bfi_likert,moral,ethic_sum,openai-gpt-3.5-turbo-0125,conscientiousness,0.18241030843792655,0.0018138611030505067,0.03327352062441924,0.029916831459920634,0.05793694127668931,3.148428350174547,290
bfi_likert,moral,ethic_sum,openai-gpt-3.5-turbo-0125,extraversion,0.167240374975329,0.004292301847963597,0.027969343021888693,0.024594236574047912,0.058095666343029935,2.8787065456457026,290
bfi_likert,moral,ethic_sum,openai-gpt-3.5-turbo-0125,agreeableness,-0.0023124873380104554,0.9687227914186007,5.347597688332151e-06,-0.003466856056486556,0.058925407543560474,-0.03924431640631343,290
bfi_likert,moral,ethic_sum,openai-gpt-3.5-turbo-0125,neuroticism,-0.012768539160081957,0.8285901482434375,0.0001630355922825899,-0.0033086205341332775,0.058920761420875,-0.2167069612165297,290
bfi_likert,moral,Confidential_Info,openai-gpt-3.5-turbo-0125,openness,0.008005958951320866,0.8920189847566594,6.409537873031113e-05,-0.003407904290093633,0.05892367664041213,0.13586998313391177,290
bfi_likert,moral,Confidential_Info,openai-gpt-3.5-turbo-0125,conscientiousness,0.20758712530746753,0.00037275747104986343,0.04309241459341828,0.039769818810756474,0.05764196199524912,3.601319561686276,290
bfi_likert,moral,Confidential_Info,openai-gpt-3.5-turbo-0125,extraversion,0.16985797460165314,0.003717420288122881,0.028851731535775693,0.025479688936941525,0.05806929135811895,2.9250912251386456,290
bfi_likert,moral,Confidential_Info,openai-gpt-3.5-turbo-0125,agreeableness,0.07383193518890441,0.20998964243124515,0.00545115465373891,0.001997860051842104,0.0587647394437918,1.256398579960085,290
bfi_likert,moral,Confidential_Info,openai-gpt-3.5-turbo-0125,neuroticism,-0.08257549851461043,0.16075611596805775,0.006818712954936412,0.003370166819363196,0.058724323202342006,-1.406154962911811,290
bfi_likert,moral,Underage_Drinking,openai-gpt-3.5-turbo-0125,openness,0.0664683704939602,0.25920376814384855,0.004418044276122246,0.0009611624854142242,0.058795253130740965,1.1305057288580218,290
bfi_likert,moral,Underage_Drinking,openai-gpt-3.5-turbo-0125,conscientiousness,0.0805474208941184,0.1713206301280256,0.006487887012693538,0.003038192175931931,0.0587341028429096,1.3713910146810409,290
bfi_likert,moral,Underage_Drinking,openai-gpt-3.5-turbo-0125,extraversion,0.07689576208761102,0.19163207665150964,0.005912958227034526,0.00246126710976724,0.05875109460484322,1.3088396497938954,290
bfi_likert,moral,Underage_Drinking,openai-gpt-3.5-turbo-0125,agreeableness,-0.023120728717148816,0.6949963355530869,0.000534568096411836,-0.002935797986586941,0.05890981312989008,-0.3924766942677273,290
bfi_likert,moral,Underage_Drinking,openai-gpt-3.5-turbo-0125,neuroticism,0.049611088867939225,0.399946930114756,0.0024612601386626576,-0.0010024160414114913,0.058853004851698726,0.8429661152043498,290
bfi_likert,moral,Exam_Cheating,openai-gpt-3.5-turbo-0125,openness,-0.006140231728413791,0.9170790754753644,3.7702445678133856e-05,-0.0034343888652743626,0.058924454269450005,-0.10420515225029854,290
bfi_likert,moral,Exam_Cheating,openai-gpt-3.5-turbo-0125,conscientiousness,0.0469671025564807,0.4255634758861886,0.0022059087225514418,-0.0012586540943841928,0.05886053700855599,0.7979387369444751,290
bfi_likert,moral,Exam_Cheating,openai-gpt-3.5-turbo-0125,extraversion,-0.010236543884848655,0.8622004821303493,0.00010478683070647143,-0.003367071548353584,0.058922477706390156,-0.17372901282015335,290
bfi_likert,moral,Exam_Cheating,openai-gpt-3.5-turbo-0125,agreeableness,-0.07814739903539357,0.18448057917925825,0.006107015975996943,0.0026559986703579286,0.058745359864749325,-1.3302735605895337,290
bfi_likert,moral,Exam_Cheating,openai-gpt-3.5-turbo-0125,neuroticism,0.10573513837017347,0.07219748257773717,0.011179919486159928,0.007746516428820072,0.05859524773682341,1.8045002360101912,290
bfi_likert,moral,Honest_Feedback,openai-gpt-3.5-turbo-0125,openness,0.023443995971175458,0.6909492091636045,0.0005496209470965407,-0.0029206928690594935,0.05890936951076554,0.3979671852860542,290
bfi_likert,moral,Honest_Feedback,openai-gpt-3.5-turbo-0125,conscientiousness,0.1376658271637063,0.019005797280277365,0.018951879968667762,0.015545462885225514,0.058364519045753536,2.3587246055396482,290
bfi_likert,moral,Honest_Feedback,openai-gpt-3.5-turbo-0125,extraversion,0.14231273634216685,0.015291996097008166,0.020252914925195098,0.016851015324240826,0.05832580561770391,2.4399617773812623,290
bfi_likert,moral,Honest_Feedback,openai-gpt-3.5-turbo-0125,agreeableness,0.036303093210700674,0.5380579651303741,0.001317914576664747,-0.0021497315532774675,0.05888672286638252,0.6164902960056812,290
bfi_likert,moral,Honest_Feedback,openai-gpt-3.5-turbo-0125,neuroticism,-0.04207016670322791,0.47544304435342866,0.0017698989264374188,-0.0016961778134014782,0.05887339585788088,-0.7145870573660197,290
bfi_likert,moral,Workplace_Theft,openai-gpt-3.5-turbo-0125,openness,0.05829365407048026,0.32253632436511004,0.003398150104888975,-6.227298502481382e-05,0.0588253609416345,0.9909612646205131,290
bfi_likert,moral,Workplace_Theft,openai-gpt-3.5-turbo-0125,conscientiousness,0.09461531007266633,0.10785909319859442,0.008952056900146887,0.005510918208827875,0.058661219654205426,1.6129107207521785,290
bfi_likert,moral,Workplace_Theft,openai-gpt-3.5-turbo-0125,extraversion,0.16242846022780832,0.0055619705069148324,0.02638300469197674,0.02300239012493488,0.058143052611999535,2.793600489326328,290
bfi_likert,moral,Workplace_Theft,openai-gpt-3.5-turbo-0125,agreeableness,-0.06636986251993052,0.2599119623865624,0.004404958650914503,0.0009480314240079002,0.058795639522897854,-1.1288228694932878,290
bfi_likert,moral,Workplace_Theft,openai-gpt-3.5-turbo-0125,neuroticism,-0.04576403736482531,0.4375279203541824,0.0020943471159292626,-0.0013706030676960967,0.05886382746326671,-0.7774560258315487,290
bfi_likert,risk,risk_sum,gpt-4,openness,0.04720869779287052,0.4231839355039283,0.0022286611472980278,-0.0012358226681628004,0.05885986591439678,0.8020524182221005,290
bfi_likert,risk,risk_sum,gpt-4,conscientiousness,0.11823883604957086,0.04423034596268241,0.013980422350356903,0.01055674326129552,0.05851221316153802,2.0207548076013144,290
bfi_likert,risk,risk_sum,gpt-4,extraversion,-0.0761660394111453,0.19589401506913975,0.005801265559579716,0.002349186620550392,0.058754395061384426,-1.2963462449331635,290
bfi_likert,risk,risk_sum,gpt-4,agreeableness,0.12647111608999562,0.03131268014513137,0.01599494320504935,0.012578258980066814,0.05845240991595187,2.1636595697567844,290
bfi_likert,risk,risk_sum,gpt-4,neuroticism,0.011277639331535543,0.84834704170231,0.00012718514889231702,-0.0033445954582296267,0.05892181775133798,0.19140005793998868,290
bfi_likert,risk,Investment,gpt-4,openness,0.10520543630410038,0.0736448474018303,0.011068183827936284,0.007634392799561018,0.058598558244851204,1.795358784502933,290
bfi_likert,risk,Investment,gpt-4,conscientiousness,0.1267385713255265,0.030953763164593466,0.016062665461635706,0.012646216383377373,0.05845039844396453,2.1683097925676034,290
bfi_likert,risk,Investment,gpt-4,extraversion,-0.0006463177981083045,0.991256269113229,4.1772669634454473e-07,-0.003471803045085986,0.058925552791486834,-0.010968379039147175,290
bfi_likert,risk,Investment,gpt-4,agreeableness,0.10428916533686006,0.0762041450879617,0.010876230006658494,0.007441772471959318,0.05860424502285737,1.7795496776075561,290
bfi_likert,risk,Investment,gpt-4,neuroticism,0.01824280189468714,0.7570570214595267,0.00033279982096912075,-0.0031382668463193486,0.05891575907419243,0.3096421429742429,290
bfi_likert,risk,Extreme_Sports,gpt-4,openness,0.08386755565234498,0.15428571604196484,0.007033766891099913,0.003585967470582818,0.05871796505769773,1.4283116856984848,290
bfi_likert,risk,Extreme_Sports,gpt-4,conscientiousness,0.009747439125210594,0.8687236600340265,9.501256949973058e-05,-0.0033768797479674095,0.05892276569770819,0.1654273863385493,290
bfi_likert,risk,Extreme_Sports,gpt-4,extraversion,-0.020216949709909317,0.7317260809443176,0.00040872505557321137,-0.0030620779824284128,0.05891352169070763,-0.3431631504911056,290
bfi_likert,risk,Extreme_Sports,gpt-4,agreeableness,0.021295358263665277,0.7180085475975222,0.00045349228357771665,-0.0030171553126598916,0.05891220243920251,0.36147618628996464,290
bfi_likert,risk,Extreme_Sports,gpt-4,neuroticism,0.08836612415572381,0.1332883539069363,0.007808571898304972,0.004363462772951743,0.0586950519665252,1.505512325061413,290
bfi_likert,risk,Entrepreneurial_Venture,gpt-4,openness,0.05873257149586041,0.3189001374930267,0.003449514954516286,-1.0729785224983246e-05,0.05882384499283654,0.9984483588757714,290
bfi_likert,risk,Entrepreneurial_Venture,gpt-4,conscientiousness,0.18700710894379505,0.0013784257892457258,0.034971658795517,0.0316208659441124,0.05788603330169081,3.2306084607516663,290
bfi_likert,risk,Entrepreneurial_Venture,gpt-4,extraversion,0.02199094453645134,0.709207990818165,0.00048360164160521357,-0.0029869414082503987,0.05891131512583584,0.37328897665038047,290
bfi_likert,risk,Entrepreneurial_Venture,gpt-4,agreeableness,0.10315049999715716,0.07948469084622828,0.01064002564966382,0.0072047479609472775,0.05861124199943596,1.7599098138570382,290
bfi_likert,risk,Entrepreneurial_Venture,gpt-4,neuroticism,-0.01626885265261601,0.7826476960672206,0.00026467556663234415,-0.003206627643205895,0.058917766504154485,-0.27612812938977993,290
bfi_likert,risk,Confessing_Feelings,gpt-4,openness,-0.07836179676683463,0.1832755477134696,0.006140571192527089,0.002689670398056565,0.0587443681936438,-1.333945690053629,290
bfi_likert,risk,Confessing_Feelings,gpt-4,conscientiousness,0.03290406481636712,0.5767985460331234,0.0010826774814400864,-0.002385785443971722,0.05889365776899639,0.5587030261463728,290
bfi_likert,risk,Confessing_Feelings,gpt-4,extraversion,-0.21714994962070808,0.00019413986908194792,0.047154100620275585,0.04384560791409586,0.057519498486857445,-3.7752406633087108,290
bfi_likert,risk,Confessing_Feelings,gpt-4,agreeableness,0.011022886777427146,0.8517327984644711,0.00012150403290811518,-0.0033502963003111397,0.05892198514323046,0.18707595731257476,290
bfi_likert,risk,Confessing_Feelings,gpt-4,neuroticism,0.04157617793475141,0.4806459926060471,0.0017285785716621982,-0.001737641641630816,0.05887461433668016,0.7061817457859515,290
bfi_likert,risk,Study_Overseas,gpt-4,openness,0.0558978382085722,0.34285639533656054,0.0031245683163914073,-0.0003368047102878524,0.05883343459869732,0.9501032633884319,290
bfi_likert,risk,Study_Overseas,gpt-4,conscientiousness,0.07185505435726258,0.22248755897236355,0.005163148836684561,0.0017088542145896612,0.05877324750339092,1.2225809770528149,290
bfi_likert,risk,Study_Overseas,gpt-4,extraversion,-0.014025520066905309,0.8120159410904119,0.00019671521314712503,-0.0032748239701405613,0.05891976903627237,-0.2380443830027724,290
bfi_likert,risk,Study_Overseas,gpt-4,agreeableness,0.18951933773469312,0.0011832056662471938,0.0359175793753963,0.032570070970449616,0.05785765640731174,3.2756137995029935,290
bfi_likert,risk,Study_Overseas,gpt-4,neuroticism,-0.04862159845659908,0.40942385427372197,0.0023640598364748078,-0.0010999538446485602,0.05885587210400792,-0.8261129555718212,290
bfi_likert,risk,risk_sum,gpt-4o,openness,0.06864705579051265,0.24387996605156942,0.00471241826870572,0.0012565586099163584,0.058786560188441146,1.1677338420629402,290
bfi_likert,risk,risk_sum,gpt-4o,conscientiousness,0.07621753819140888,0.1955909892344582,0.005809113127958843,0.002357061437430863,0.0587541631761352,1.2972278740984087,290
bfi_likert,risk,risk_sum,gpt-4o,extraversion,-0.09785812706697337,0.09626024203436767,0.00957621303305578,0.006137241550531525,0.05864274450027137,-1.6687166997533776,290
bfi_likert,risk,risk_sum,gpt-4o,agreeableness,0.15577538369036628,0.007871221614765167,0.02426597016387999,0.020878004782504456,0.05820623146515686,2.676266436929795,290
bfi_likert,risk,risk_sum,gpt-4o,neuroticism,0.13006069006119414,0.02678044442341896,0.01691578309919406,0.013502296234955025,0.058425053395259254,2.226111616557762,290
bfi_likert,risk,Investment,gpt-4o,openness,0.09684539903775176,0.09977075930165301,0.009379031314780795,0.005939375173512618,0.05864858174984387,1.651282880988159,290
bfi_likert,risk,Investment,gpt-4o,conscientiousness,0.09574179311776015,0.10371115450152972,0.009166490949404138,0.005726096820756088,0.05865487301706402,1.632290518980524,290
bfi_likert,risk,Investment,gpt-4o,extraversion,-0.06412024026209796,0.27644825733737444,0.00411140521126907,0.0006534587015858406,0.058804306897395624,-1.0904004084935108,290
bfi_likert,risk,Investment,gpt-4o,agreeableness,0.08750907853259754,0.13710910665823675,0.007657838825624652,0.004212206321546841,0.05869951025415538,1.490797421540714,290
bfi_likert,risk,Investment,gpt-4o,neuroticism,0.04162033738979992,0.48017962965766603,0.001732252484440533,-0.0017339549722108494,0.05887450599921187,0.706933105992551,290
bfi_likert,risk,Extreme_Sports,gpt-4o,openness,0.05672048802592796,0.3357892133279351,0.003217213761899429,-0.0002438375792050973,0.058830700668141916,0.9641307579503863,290
bfi_likert,risk,Extreme_Sports,gpt-4o,conscientiousness,0.018094932980899772,0.7589652556016997,0.00032742659958318043,-0.0031436587247239967,0.05891591741038245,0.30713148120665595,290
bfi_likert,risk,Extreme_Sports,gpt-4o,extraversion,-0.08393571933612867,0.15394991238238676,0.007045204980473452,0.0035974452755443975,0.05871762686731225,-1.4294807848042508,290
bfi_likert,risk,Extreme_Sports,gpt-4o,agreeableness,0.0743894659544174,0.20655810665113794,0.005533792644983215,0.002080784980555972,0.05876229798456782,1.2659386801713164,290
bfi_likert,risk,Extreme_Sports,gpt-4o,neuroticism,0.21679168349605143,0.00019904650914328838,0.0469986340330526,0.04368960151233392,0.057524190743708466,3.7687046213642277,290
bfi_likert,risk,Entrepreneurial_Venture,gpt-4o,openness,-0.043204663027508215,0.46361114897562805,0.00186664290732097,-0.0015990979159175023,0.05887054291611779,-0.733892722699513,290
bfi_likert,risk,Entrepreneurial_Venture,gpt-4o,conscientiousness,0.0683169440919614,0.24616020537930483,0.0046672048500641106,0.0012111882002378005,0.058787895436273004,1.1620920188581685,290
bfi_likert,risk,Entrepreneurial_Venture,gpt-4o,extraversion,0.010644431332135785,0.8567676176976545,0.00011330391838415554,-0.0033585248874548057,0.05892222675560506,0.18065222443622633,290
bfi_likert,risk,Entrepreneurial_Venture,gpt-4o,agreeableness,0.13405880294707723,0.022407066539869562,0.017971762647603584,0.014561942379018755,0.05839366633963576,2.2957764317682923,290
bfi_likert,risk,Entrepreneurial_Venture,gpt-4o,neuroticism,0.03613641522868512,0.5399269742195967,0.0013058405055799138,-0.0021618475482203525,0.05888707883568394,0.6136561015281242,290
bfi_likert,risk,Confessing_Feelings,gpt-4o,openness,-0.007000154780902314,0.9055170428012209,4.9002166956579885e-05,-0.003423049908852782,0.05892412134100242,-0.11879947670990977,290
bfi_likert,risk,Confessing_Feelings,gpt-4o,conscientiousness,0.022480678006088082,0.7030348778764328,0.0005053808836132934,-0.0029650865438741736,0.05891067329005379,0.38160619715550964,290
bfi_likert,risk,Confessing_Feelings,gpt-4o,extraversion,-0.20459624262338957,0.0004544468504145006,0.041859622495608706,0.03853274618482949,0.05767908035656546,-3.5471481403413345,290
bfi_likert,risk,Confessing_Feelings,gpt-4o,agreeableness,0.022701938274189145,0.7002522281645913,0.000515378001405109,-0.0029550547138679217,0.05891037867195305,0.3853639848524252,290
bfi_likert,risk,Confessing_Feelings,gpt-4o,neuroticism,0.11491780996568088,0.0505819876153542,0.013206103047307627,0.009779735349555119,0.05853518341777354,1.9632262727443235,290
bfi_likert,risk,Study_Overseas,gpt-4o,openness,0.15596975504856905,0.007793173466693622,0.024326564489911107,0.020938809505500977,0.05820442409654122,2.679689000785724,290
bfi_likert,risk,Study_Overseas,gpt-4o,conscientiousness,0.07495965247715741,0.203090757495741,0.005618949499496262,0.002166237518591685,0.05875978200184654,1.2756965721009956,290
bfi_likert,risk,Study_Overseas,gpt-4o,extraversion,0.038247247801533726,0.5164989743845987,0.00146285196439222,-0.002004290910731621,0.058882449635894354,0.6495525922926015,290
bfi_likert,risk,Study_Overseas,gpt-4o,agreeableness,0.22601985093254504,0.00010329560279991555,0.05108497301557002,0.047790129171873974,0.05740073034113711,3.9375779644142344,290
bfi_likert,risk,Study_Overseas,gpt-4o,neuroticism,0.07905335940274678,0.1794281379177328,0.006249433632860346,0.002798910832974344,0.05874115082193987,1.3457918051755344,290
bfi_likert,risk,risk_sum,llama,openness,-0.0757418133680156,0.19840324957823144,0.005736822292275567,0.002284519591901457,0.05875629923994567,-1.2890841381739417,290
bfi_likert,risk,risk_sum,llama,conscientiousness,-0.17167583087692184,0.0033601624997319415,0.02947259090728227,0.026102704070154692,0.05805072641343512,-2.9573416472733336,290
bfi_likert,risk,risk_sum,llama,extraversion,-0.3071657998606788,9.405514711837272e-08,0.09435082860405042,0.09120621342559221,0.05607686847941989,-5.477584754459107,290
bfi_likert,risk,risk_sum,llama,agreeableness,0.08311456331553214,0.15803220301449347,0.006908030635132234,0.0034597946303930316,0.05872168257755499,1.41539819138801,290
bfi_likert,risk,risk_sum,llama,neuroticism,0.19788196868834593,0.0007019263816950794,0.03915727353197551,0.03582101406507254,0.057760362420113405,3.425912864761374,290
bfi_likert,risk,Investment,llama,openness,0.1526376558326676,0.009231183762578197,0.023298253978091488,0.019906928471070895,0.05823508828035305,2.621059920057912,290
bfi_likert,risk,Investment,llama,conscientiousness,-0.030278556543453704,0.607590382913114,0.0009167909863549983,-0.002552247933831353,0.05889854769165594,-0.5140798496758726,290
bfi_likert,risk,Investment,llama,extraversion,-0.17557112438361816,0.0026971839900960044,0.03082521971732799,0.027460029508013073,0.05801025951773385,-3.0265529898197703,290
bfi_likert,risk,Investment,llama,agreeableness,0.13996014168682228,0.017084153896443424,0.01958884126099536,0.016184635848707107,0.0583455689173412,2.398813556606249,290
bfi_likert,risk,Investment,llama,neuroticism,0.106702022522213,0.06961534458690033,0.011385321610330568,0.007952631754810757,0.05858916158744441,1.8211904664817582,290
bfi_likert,risk,Extreme_Sports,llama,openness,-0.22067972869894195,0.00015148514129454727,0.04869954265863863,0.045396416070647705,0.05747283347800798,-3.8397224452729515,290
bfi_likert,risk,Extreme_Sports,llama,conscientiousness,-0.1886186251410241,0.0012500700305629997,0.035576985750090606,0.032228294728389395,0.0578678755589064,-3.2594703593191428,290
bfi_likert,risk,Extreme_Sports,llama,extraversion,-0.29825067421398815,2.274807593064575e-07,0.0889534646690987,0.08579010864364411,0.05624371987568493,-5.302826251058951,290
bfi_likert,risk,Extreme_Sports,llama,agreeableness,-0.0017408735946949803,0.9764514691452404,3.030640872259127e-06,-0.003469181058291415,0.058925475807698316,-0.029543649344067648,290
bfi_likert,risk,Extreme_Sports,llama,neuroticism,0.166845938330778,0.004385560495517806,0.027837567137477426,0.024462003134482435,0.05809960415523376,2.8717224627725466,290
bfi_likert,risk,Entrepreneurial_Venture,llama,openness,-0.12821198484420884,0.029038854416868543,0.016438313057691945,0.013023168311364408,0.05843923978225123,-2.1939365625209333,290
bfi_likert,risk,Entrepreneurial_Venture,llama,conscientiousness,-0.08950573202178444,0.128335543442425,0.008011276064755046,0.004566870773313081,0.058689055976747694,-1.5250838598808978,290
bfi_likert,risk,Entrepreneurial_Venture,llama,extraversion,-0.22908659608369344,8.256301347228289e-05,0.05248066850521349,0.04919067082641204,0.05735850136467426,-3.9939431929576603,290
bfi_likert,risk,Entrepreneurial_Venture,llama,agreeableness,0.09550615184305555,0.10456823650579963,0.009121425039868347,0.005680874432367755,0.05865620689663164,1.6282360707599735,290
bfi_likert,risk,Entrepreneurial_Venture,llama,neuroticism,0.08769377394424575,0.13627870158352348,0.007690197988584502,0.004244677842711431,0.05869855318381328,1.4939682358036075,290
bfi_likert,risk,Confessing_Feelings,llama,openness,0.020426943139678,0.7290480741599443,0.0004172600060314835,-0.003053513396725549,0.058913270175375884,0.3467290659450763,290
bfi_likert,risk,Confessing_Feelings,llama,conscientiousness,-0.12132723574712456,0.038938256897955395,0.014720298134037524,0.011299188058113918,0.05849025624771603,-2.074315339520542,290
bfi_likert,risk,Confessing_Feelings,llama,extraversion,-0.12655967767595153,0.031193441770510706,0.016017352013441233,0.012600745596821117,0.05845174434197832,-2.16519932981812,290
bfi_likert,risk,Confessing_Feelings,llama,agreeableness,-0.05059670339716827,0.3906387931173,0.002560026394661019,-0.0009033068470243322,0.05885009126318502,-0.859755733782866,290
bfi_likert,risk,Confessing_Feelings,llama,neuroticism,0.09799093271615775,0.0958072686062964,0.009602222894582457,0.006163341724077398,0.05864197447652074,1.671003297397356,290
bfi_likert,risk,Study_Overseas,llama,openness,0.05531730596742327,0.34790009787538767,0.003060004339493716,-0.00040159286766083824,0.05883533978107489,0.9402054304990478,290
bfi_likert,risk,Study_Overseas,llama,conscientiousness,-0.04410581684524064,0.454330323229604,0.0019453230795857257,-0.0015201445486101584,0.058868222566983326,-0.7492296339515729,290
bfi_likert,risk,Study_Overseas,llama,extraversion,-0.07185547422905408,0.22248484946265296,0.005163209176682448,0.001708914764101399,0.05877324572099929,-1.2225881580567637,290
bfi_likert,risk,Study_Overseas,llama,agreeableness,0.09727820122204811,0.09825826215314402,0.00946304843299739,0.006023684017834041,0.05864609462839964,1.6587328080144776,290
bfi_likert,risk,Study_Overseas,llama,neuroticism,0.10884509164293617,0.06416050758465296,0.011847253974759386,0.00841616805106049,0.05857547203137794,1.8582025525057588,290
bfi_likert,risk,risk_sum,deepseek,openness,-0.08044338264559318,0.17187620021617167,0.006471137811465022,0.003021384817754713,0.058734597927543424,-1.3696081267948799,290
bfi_likert,risk,risk_sum,deepseek,conscientiousness,-0.0720753073845529,0.22106945145196993,0.005194849934577306,0.0017406653857389154,0.058772311072802605,-1.226348021184186,290
bfi_likert,risk,risk_sum,deepseek,extraversion,-0.02315690959444885,0.694542938546125,0.0005362424619651529,-0.0029341178072641583,0.05890976378521038,-0.39309119756244076,290
bfi_likert,risk,risk_sum,deepseek,agreeableness,0.19341551729052353,0.0009301628901090646,0.037409562328760915,0.034067234420180115,0.05781286974870467,3.345544307543341,290
bfi_likert,risk,risk_sum,deepseek,neuroticism,0.04867123012988818,0.4089453604739418,0.002368888642357403,-0.0010951082720789262,0.05885572966531164,0.826958231707626,290
bfi_likert,risk,Investment,deepseek,openness,-0.04221365692411757,0.4739375113082517,0.0017819928309075195,-0.0016840419162074127,0.058873039220978744,-0.7170286685161518,290
bfi_likert,risk,Investment,deepseek,conscientiousness,-0.0784723132932388,0.18265665575975903,0.00615790395359217,0.0027070633423198487,0.05874385594487522,-1.3358386512263787,290
bfi_likert,risk,Investment,deepseek,extraversion,-0.10672740566589395,0.06954858658229768,0.011390739120172522,0.007958068075450853,0.05858900105584341,-1.82162869723906,290
bfi_likert,risk,Investment,deepseek,agreeableness,0.13375509735894414,0.022716107435630746,0.017890426069500198,0.014480323382241367,0.0583960845199289,2.290480576883496,290
bfi_likert,risk,Investment,deepseek,neuroticism,0.1131874809196553,0.05418180236338243,0.012811405836937628,0.00938366766276022,0.05854688868058904,1.9332791796531812,290
bfi_likert,risk,Extreme_Sports,deepseek,openness,0.007103680229275865,0.904126392628307,5.046227279958959e-05,-0.003421584733197758,0.058924078321151714,0.12055649289173334,290
bfi_likert,risk,Extreme_Sports,deepseek,conscientiousness,-0.10049741663603459,0.08757227567346047,0.010099730750515956,0.0066625770378440086,0.05862724377515816,-1.714176041115852,290
bfi_likert,risk,Extreme_Sports,deepseek,extraversion,-0.02803048409560174,0.6345205897690658,0.0007857080386337589,-0.002683786030676538,0.058902411404884746,-0.47588007735243903,290
bfi_likert,risk,Extreme_Sports,deepseek,agreeableness,0.11069800836662479,0.05973184491274202,0.012254049056337868,0.008824375615561153,0.058563413841549616,1.890224648893106,290
bfi_likert,risk,Extreme_Sports,deepseek,neuroticism,0.02904686662753142,0.6222825821179186,0.0008437204608778837,-0.0026255721764107953,0.05890070150081919,0.4931497569197446,290
bfi_likert,risk,Entrepreneurial_Venture,deepseek,openness,-0.10029005852809372,0.088231242758001,0.010058095839568515,0.006620797561233571,0.058628476684413594,-1.7106031778368869,290
bfi_likert,risk,Entrepreneurial_Venture,deepseek,conscientiousness,-0.05341793833676667,0.36472776210578073,0.0028534761361509453,-0.00060883818282087,0.05884143369235407,-0.9078286334091799,290
bfi_likert,risk,Entrepreneurial_Venture,deepseek,extraversion,-0.05405728190038421,0.3590077908992808,0.002922189726457858,-0.0005398860036587294,0.058839406269238156,-0.918725822164625,290
bfi_likert,risk,Entrepreneurial_Venture,deepseek,agreeableness,0.19565716741571645,0.0008082127422866109,0.0382817271611412,0.034942427602672854,0.057786672844768114,3.3858527889520267,290
bfi_likert,risk,Entrepreneurial_Venture,deepseek,neuroticism,0.07587165474344346,0.19763278655912833,0.005756507993507909,0.0023042736462630664,0.0587557175706735,1.2913067507376161,290
bfi_likert,risk,Confessing_Feelings,deepseek,openness,-0.02674417436922442,0.6501520113756545,0.000715250862691863,-0.0027544878495906477,0.05890448804872443,-0.4540260896097129,290
bfi_likert,risk,Confessing_Feelings,deepseek,conscientiousness,-0.00812693503920666,0.8903974820371846,6.604707313162539e-05,-0.0034059458189756864,0.05892361913619347,-0.13792321582322395,290
bfi_likert,risk,Confessing_Feelings,deepseek,extraversion,0.018389243932523024,0.7551686518597251,0.0003381642924096262,-0.0031328837482418326,0.058915600995418475,0.31212859788959885,290
bfi_likert,risk,Confessing_Feelings,deepseek,agreeableness,-0.09866480056511855,0.09353493933126161,0.009734742870555313,0.006296321838855756,0.05863805105645534,-1.682607091939778,290
bfi_likert,risk,Confessing_Feelings,deepseek,neuroticism,0.046524453406037954,0.42994335552173046,0.002164524764730391,-0.0013001817465032595,0.05886175762949627,0.7904020416597964,290
bfi_likert,risk,Study_Overseas,deepseek,openness,-0.047540386527390344,0.41992969240244904,0.002260088351173306,-0.0012042863420518302,0.05885893894070032,-0.807700366044429,290
bfi_likert,risk,Study_Overseas,deepseek,conscientiousness,0.045652722488961336,0.4386445917139987,0.0020841710706543948,-0.0013808144464615424,0.058864127591562794,0.7755610140989315,290
bfi_likert,risk,Study_Overseas,deepseek,extraversion,0.08941297807473432,0.12873326081761036,0.007994680648193198,0.004550217733777062,0.05868954689223621,1.5234906863212192,290
bfi_likert,risk,Study_Overseas,deepseek,agreeableness,0.15418996342283017,0.008534290172863848,0.023774544820333476,0.02038487310095949,0.05822088731180453,2.6483616197235027,290
bfi_likert,risk,Study_Overseas,deepseek,neuroticism,-0.11382942203460801,0.0528222337927369,0.012957137320732892,0.009529905158652041,0.05854256709507001,-1.9443872669566247,290
bfi_likert,risk,risk_sum,openai-gpt-3.5-turbo-0125,openness,-0.1252043621900914,0.03306125837244793,0.015676132311427504,0.012258341104175452,0.05846187823917382,-2.1416411165899754,290
bfi_likert,risk,risk_sum,openai-gpt-3.5-turbo-0125,conscientiousness,-0.22812569783289435,8.859579054362847e-05,0.052041334011745266,0.04874981086595265,0.057371797477441415,-3.976268965994892,290
bfi_likert,risk,risk_sum,openai-gpt-3.5-turbo-0125,extraversion,-0.10883016358652578,0.06419725344389011,0.011844004506269767,0.008412907299694239,0.0585755683418902,-1.8579446459881144,290
bfi_likert,risk,risk_sum,openai-gpt-3.5-turbo-0125,agreeableness,-0.06005054507133507,0.30814253693481675,0.00360606796336449,0.00014636681045943067,0.05881922434803935,-1.020933984372352,290
bfi_likert,risk,risk_sum,openai-gpt-3.5-turbo-0125,neuroticism,0.1301950385083848,0.026622369971716936,0.016950748052200204,0.01353738259404802,0.058424014396068924,2.2284507467385706,290
bfi_likert,risk,Investment,openai-gpt-3.5-turbo-0125,openness,-0.19267609189880214,0.0009739696659801611,0.03712407638939563,0.033780757210192025,0.057821442209646454,-3.332260222776969,290
bfi_likert,risk,Investment,openai-gpt-3.5-turbo-0125,conscientiousness,-0.19343002241036714,0.0009293219979525159,0.03741517356967494,0.03407286514456953,0.05781270124380366,-3.345804957195265,290
bfi_likert,risk,Investment,openai-gpt-3.5-turbo-0125,extraversion,-0.18202701074493002,0.0018553286510662429,0.03313383264073466,0.029776658448514848,0.05794112694985893,-3.141585611589027,290
bfi_likert,risk,Investment,openai-gpt-3.5-turbo-0125,agreeableness,-0.05322834404032462,0.3664348223253783,0.0028332566092752476,-0.0006291279163870289,0.058842030264618164,-0.9045973397068683,290
bfi_likert,risk,Investment,openai-gpt-3.5-turbo-0125,neuroticism,0.12508640626847786,0.03322823172511211,0.015646609033162506,0.012228715314527516,0.05846275496959443,2.1395913746030844,290
bfi_likert,risk,Extreme_Sports,openai-gpt-3.5-turbo-0125,openness,-0.050353582530718984,0.3929225739972074,0.0025354832736778077,-0.0009279351871775976,0.058850815294737284,-0.8556140178948691,290
bfi_likert,risk,Extreme_Sports,openai-gpt-3.5-turbo-0125,conscientiousness,-0.09786975310692576,0.0962205199815278,0.00957848857321042,0.006139524991867318,0.05864267713315127,-1.6689168689333087,290
bfi_likert,risk,Extreme_Sports,openai-gpt-3.5-turbo-0125,extraversion,-0.11271692635858382,0.055196736625213856,0.012705105487726964,0.009276998215114851,0.058550040756707056,-1.9251383073661108,290
bfi_likert,risk,Extreme_Sports,openai-gpt-3.5-turbo-0125,agreeableness,-0.015211549803664464,0.7964536014615804,0.0002313912474294355,-0.003240027532961598,0.05891874727445308,-0.2581784322875468,290
bfi_likert,risk,Extreme_Sports,openai-gpt-3.5-turbo-0125,neuroticism,0.1375855966242065,0.01907626862799693,0.01892979639843939,0.015523302635933822,0.05836517593998502,2.3573234280263495,290
bfi_likert,risk,Entrepreneurial_Venture,openai-gpt-3.5-turbo-0125,openness,-0.03500172374396512,0.5527358654381684,0.0012251206650487623,-0.0022428476659754892,0.058889458573025896,-0.59436314396678,290
bfi_likert,risk,Entrepreneurial_Venture,openai-gpt-3.5-turbo-0125,conscientiousness,-0.15054491120331,0.010250494221410975,0.02266377028921218,0.019270241713827407,0.05825400050970476,-2.5842845106960537,290
bfi_likert,risk,Entrepreneurial_Venture,openai-gpt-3.5-turbo-0125,extraversion,-0.0086017184106855,0.8840381925767486,7.398955961668285e-05,-0.0033979757544124745,0.05892338512024837,-0.14598140268301754,290
bfi_likert,risk,Entrepreneurial_Venture,openai-gpt-3.5-turbo-0125,agreeableness,-0.005353107403614284,0.9276776753950614,2.865575887500693e-05,-0.003443466964184516,0.058924720814437996,-0.09084654674006774,290
bfi_likert,risk,Entrepreneurial_Venture,openai-gpt-3.5-turbo-0125,neuroticism,0.10091053390893308,0.08627119806112665,0.010182935853785713,0.006746071047722402,0.058624779795434886,1.721294890335622,290
bfi_likert,risk,Confessing_Feelings,openai-gpt-3.5-turbo-0125,openness,-0.12194442453858569,0.037947490271338015,0.014870442676046536,0.011449853935338261,0.05848579947908867,-2.085026205073701,290
bfi_likert,risk,Confessing_Feelings,openai-gpt-3.5-turbo-0125,conscientiousness,-0.25639990512217836,9.796747952962672e-06,0.06574091134666249,0.062496956177727214,0.056955729904331856,-4.501740308707333,290
bfi_likert,risk,Confessing_Feelings,openai-gpt-3.5-turbo-0125,extraversion,-0.07246350557251831,0.21858573693738234,0.0052509596398583325,0.0017969699163855601,0.05877065359065451,-1.2329879139550897,290
bfi_likert,risk,Confessing_Feelings,openai-gpt-3.5-turbo-0125,agreeableness,-0.12031717839161774,0.04060682527199219,0.01447622341612076,0.011054265858537748,0.05849750043876161,-2.0567917857887337,290
bfi_likert,risk,Confessing_Feelings,openai-gpt-3.5-turbo-0125,neuroticism,0.04034997820698765,0.49369326889559806,0.0016281207413040288,-0.001838448283899785,0.05887757659078532,0.6853199561427373,290
bfi_likert,risk,Study_Overseas,openai-gpt-3.5-turbo-0125,openness,-0.024772230553886013,0.6744135695396922,0.0006136634066147284,-0.0028564280398901687,0.05890748209272577,-0.42052774407998383,290
bfi_likert,risk,Study_Overseas,openai-gpt-3.5-turbo-0125,conscientiousness,-0.1177736093751004,0.04507761323213998,0.013870623065238785,0.010446562728659625,0.05851547091649382,-2.0126918151811957,290
bfi_likert,risk,Study_Overseas,openai-gpt-3.5-turbo-0125,extraversion,0.03552595631489494,0.5467997069382609,0.0012620935720875082,-0.002205746380787188,0.05888836857032714,0.6032762865975518,290
bfi_likert,risk,Study_Overseas,openai-gpt-3.5-turbo-0125,agreeableness,-0.01218618924600397,0.8362951411794339,0.0001485032083388127,-0.0033232033777435,0.05892118961869454,-0.20682184668819945,290
bfi_likert,risk,Study_Overseas,openai-gpt-3.5-turbo-0125,neuroticism,0.04493012163590608,0.4459329690699656,0.002018715830217066,-0.0014464969620391344,0.058866058066225024,0.7632602404828799,290
bfi_binary_elaborated,moral,ethic_sum,gpt-4,openness,-0.06088941730570604,0.30142131814650663,0.003707521139828529,0.0002481722548972609,0.058816229774877174,-1.0352485621530676,290
bfi_binary_elaborated,moral,ethic_sum,gpt-4,conscientiousness,0.11279126012811255,0.055035366233012126,0.012721868361286859,0.009293819293096806,0.058549543706078344,1.9264242381517156,290
bfi_binary_elaborated,moral,ethic_sum,gpt-4,extraversion,-0.015543743205664194,0.7921088777608244,0.00024160795284300374,-0.003229775352876496,0.058918446226282076,-0.26381794159959554,290
bfi_binary_elaborated,moral,ethic_sum,gpt-4,agreeableness,0.06317046284095956,0.28363950016254097,0.003990507375540742,0.0005321410817057393,0.05880787612076234,1.0741837149710802,290
bfi_binary_elaborated,moral,ethic_sum,gpt-4,neuroticism,-0.17019530718732273,0.0036486361582605265,0.028966442588586827,0.025594798292019272,0.05806586171381076,-2.931073476979717,290
bfi_binary_elaborated,moral,Confidential_Info,gpt-4,openness,-0.042295209392436875,0.4730830068807025,0.0017888847375500116,-0.0016771260793335685,0.05887283598471798,-0.7184163746318545,290
bfi_binary_elaborated,moral,Confidential_Info,gpt-4,conscientiousness,0.16366765356691143,0.00520626255613853,0.026787100824098853,0.023407889368626922,0.058130985330302816,2.8154976668113334,290
bfi_binary_elaborated,moral,Confidential_Info,gpt-4,extraversion,-0.08949267719143664,0.12839146340542265,0.008008939270890414,0.004564525865580871,0.05868912510260658,-1.524859623226211,290
bfi_binary_elaborated,moral,Confidential_Info,gpt-4,agreeableness,0.041057860206944775,0.48613819310736006,0.0016857478847731588,-0.0017806210461825955,0.05887587732641994,0.6973630300116223,290
bfi_binary_elaborated,moral,Confidential_Info,gpt-4,neuroticism,-0.04395158913792854,0.455911259430376,0.0019317421877491636,-0.001533772596321148,0.058868623086244354,-0.7466046738266343,290
bfi_binary_elaborated,moral,Underage_Drinking,gpt-4,openness,0.015092903842625476,0.7980068898162878,0.00022779574640297007,-0.0032436355183664833,0.05891885322008085,0.2561642499430298,290
bfi_binary_elaborated,moral,Underage_Drinking,gpt-4,conscientiousness,0.06343457002376986,0.2816272800250037,0.004023944674099944,0.0005656944819960597,0.05880688898508253,1.0786928388587471,290
bfi_binary_elaborated,moral,Underage_Drinking,gpt-4,extraversion,-0.09460005423473943,0.10791615202761973,0.008949170261215333,0.005508021546844488,0.058661305085812555,-1.6126483053241647,290
bfi_binary_elaborated,moral,Underage_Drinking,gpt-4,agreeableness,0.03296492589564201,0.5760935295961807,0.0010866863393048654,-0.0023817626664615066,0.058893539592779647,0.5597375556568435,290
bfi_binary_elaborated,moral,Underage_Drinking,gpt-4,neuroticism,-0.024734863909185542,0.6748766731778427,0.0006118134926066388,-0.002858284377210696,0.058907536613045736,-0.419893027808393,290
bfi_binary_elaborated,moral,Exam_Cheating,gpt-4,openness,-0.14534915120763398,0.013223666884529101,0.021126375756779447,0.017727509005934783,0.058299800607244906,-2.4931329042928403,290
bfi_binary_elaborated,moral,Exam_Cheating,gpt-4,conscientiousness,0.0836154904567823,0.15553230812207902,0.006991550244327405,0.0035436042382311905,0.058719213261896545,1.4239886029099982,290
bfi_binary_elaborated,moral,Exam_Cheating,gpt-4,extraversion,-0.13233283671054386,0.024212863101195626,0.017511979671859024,0.014100562934608485,0.058407334618611785,-2.265688677195267,290
bfi_binary_elaborated,moral,Exam_Cheating,gpt-4,agreeableness,0.030642001220253474,0.6032846369300023,0.0009389322387821641,-0.0025300298020554113,0.05889789504589755,0.5202563045143631,290
bfi_binary_elaborated,moral,Exam_Cheating,gpt-4,neuroticism,-0.11888689996064988,0.043072414832039545,0.01413409498225382,0.010710949478719867,0.058507653375723646,-2.0319888613064623,290
bfi_binary_elaborated,moral,Honest_Feedback,gpt-4,openness,-0.02227671810187648,0.7056034633320345,0.000496252169390643,-0.0029742469550213535,0.058910942314750296,-0.3781422809850178,290
bfi_binary_elaborated,moral,Honest_Feedback,gpt-4,conscientiousness,0.11059157112962625,0.05997922548443445,0.012230495604919067,0.008800740381324945,0.05856411207893478,1.8883846643242372,290
bfi_binary_elaborated,moral,Honest_Feedback,gpt-4,extraversion,0.06425238797906965,0.2754575877819016,0.004128369361013129,0.0006704817546276942,0.0588038060535657,1.0926569603426812,290
bfi_binary_elaborated,moral,Honest_Feedback,gpt-4,agreeableness,0.08820471092842751,0.1340016063832747,0.00778007102996825,0.004334862943266682,0.058695894973170834,1.5027407107216746,290
bfi_binary_elaborated,moral,Honest_Feedback,gpt-4,neuroticism,-0.20884251478631574,0.0003427238713505556,0.04361519598227248,0.04029441541276635,0.057626214256239205,-3.6240887499165244,290
bfi_binary_elaborated,moral,Workplace_Theft,gpt-4,openness,-0.019969661061392082,0.7348838777504165,0.00039878736290688277,-0.003072050180972008,0.05891381454191192,-0.3389639801236338,290
bfi_binary_elaborated,moral,Workplace_Theft,gpt-4,conscientiousness,0.05558936010120611,0.345530657739067,0.003090176956461743,-0.0003713154846618494,0.05883444944183126,0.9448437204493003,290
bfi_binary_elaborated,moral,Workplace_Theft,gpt-4,extraversion,0.04122257419575169,0.48438919886240916,0.0016993006233241292,-0.0017670212495115578,0.058875477686687834,0.7001654307608686,290
bfi_binary_elaborated,moral,Workplace_Theft,gpt-4,agreeableness,0.04199256185186937,0.47625837883628797,0.0017633752508829925,-0.0017027241406071258,0.05887358823351937,0.713266561659327,290
bfi_binary_elaborated,moral,Workplace_Theft,gpt-4,neuroticism,-0.1450205973168996,0.013434920649482996,0.021030973646150475,0.017631775637977243,0.05830264151968652,-2.487376104012917,290
bfi_binary_elaborated,moral,ethic_sum,gpt-4o,openness,-0.14545714206588273,0.013154871676898423,0.021157780177974428,0.017759022470258956,0.05829886540675868,-2.4950252642312942,290
bfi_binary_elaborated,moral,ethic_sum,gpt-4o,conscientiousness,0.3114218070832302,6.105442544970743e-08,0.09698354192698466,0.09384806811423108,0.05599530170249578,5.5615703034840465,290
bfi_binary_elaborated,moral,ethic_sum,gpt-4o,extraversion,-0.04472801558720636,0.44798368600248717,0.0020005953783693853,-0.0014646803321225477,0.058866592482423936,-0.7598200218665793,290
bfi_binary_elaborated,moral,ethic_sum,gpt-4o,agreeableness,0.03926326300910133,0.5054121329371619,0.001541603822121762,-0.0019252656090515963,0.05888012764229702,0.6668338636700958,290
bfi_binary_elaborated,moral,ethic_sum,gpt-4o,neuroticism,-0.32076651033951625,2.3076793754095532e-08,0.10289115415539218,0.09977619288509831,0.05581183808381305,-5.747284471402264,290
bfi_binary_elaborated,moral,Confidential_Info,gpt-4o,openness,-0.17541315451546477,0.002721568407907731,0.03076977477706655,0.02740439205059797,0.058011918831120536,-3.0237433625685255,290
bfi_binary_elaborated,moral,Confidential_Info,gpt-4o,conscientiousness,0.20715111069252812,0.0003837488691730009,0.04291158266114803,0.039588358989832484,0.057647408192523814,3.593415856628107,290
bfi_binary_elaborated,moral,Confidential_Info,gpt-4o,extraversion,-0.19955494530283308,0.0006306831570522506,0.03982217619481698,0.03648822541771557,0.05774037389124986,-3.456072966875509,290
bfi_binary_elaborated,moral,Confidential_Info,gpt-4o,agreeableness,-0.006978061596956239,0.9058138564770817,4.8693343651318166e-05,-0.003423359804461068,0.05892413044001858,-0.11842451547179825,290
bfi_binary_elaborated,moral,Confidential_Info,gpt-4o,neuroticism,-0.05164461044527963,0.3808873213686107,0.002667165788044823,-0.0007957954418578161,0.05884693050535949,-0.8776092482950507,290
bfi_binary_elaborated,moral,Underage_Drinking,gpt-4o,openness,-0.0586426303170161,0.31964306691325195,0.003438958090497546,-2.1323305021692107e-05,0.0588241565644515,-0.9969140866943581,290
bfi_binary_elaborated,moral,Underage_Drinking,gpt-4o,conscientiousness,0.2687716411273804,3.434506154279933e-06,0.0722381950743054,0.06901679991831333,0.05675733570202179,4.735452039863921,290
bfi_binary_elaborated,moral,Underage_Drinking,gpt-4o,extraversion,0.03864766183886248,0.5121147023804935,0.0014936417656105094,-0.001973394200481149,0.058881541811433805,0.6563629390451483,290
bfi_binary_elaborated,moral,Underage_Drinking,gpt-4o,agreeableness,0.07118940257545468,0.22681272670058758,0.00506793103905101,0.0016133057996031708,0.05877606008782607,1.2111972539343396,290
bfi_binary_elaborated,moral,Underage_Drinking,gpt-4o,neuroticism,-0.16039817980404292,0.006192101515154163,0.025727576084450088,0.02234468572363213,0.058162619961775006,-2.7577536897316186,290
bfi_binary_elaborated,moral,Exam_Cheating,gpt-4o,openness,-0.07588214957824073,0.19757060674472307,0.0057581006246146815,0.0023058718073389883,0.058755670511667565,-1.2914864032259188,290
bfi_binary_elaborated,moral,Exam_Cheating,gpt-4o,conscientiousness,0.2435874657535479,2.7460292559355185e-05,0.05933485347223577,0.05606865504679204,0.05715066426073828,4.262198329703215,290
bfi_binary_elaborated,moral,Exam_Cheating,gpt-4o,extraversion,-0.01811791441706937,0.7586685861922067,0.0003282588228242789,-0.0031428236118187236,0.05891589288674974,-0.3075216809816713,290
bfi_binary_elaborated,moral,Exam_Cheating,gpt-4o,agreeableness,0.03383737047910292,0.566031857278313,0.0011449676409402976,-0.0023232789991953773,0.05889182150465058,0.5745682441904237,290
bfi_binary_elaborated,moral,Exam_Cheating,gpt-4o,neuroticism,-0.26617436212521467,4.298636587420371e-06,0.07084879105276554,0.06762257157725426,0.05679981932639591,-4.6861832534301495,290
bfi_binary_elaborated,moral,Honest_Feedback,gpt-4o,openness,-0.015370552670331215,0.7943732270736044,0.00023625388939174652,-0.003235148006825783,0.05891860399073783,-0.26087774708218664,290
bfi_binary_elaborated,moral,Honest_Feedback,gpt-4o,conscientiousness,0.22064460958557844,0.00015186248817910988,0.048684043739172234,0.04538086333548874,0.05747330165984405,3.839080115693794,290
bfi_binary_elaborated,moral,Honest_Feedback,gpt-4o,extraversion,0.0488788749379743,0.4069470716555529,0.0023891444152019936,-0.0010747821666896584,0.05885513216272356,0.8304946933571272,290
bfi_binary_elaborated,moral,Honest_Feedback,gpt-4o,agreeableness,0.08618399999249375,0.14318104003246646,0.007427681854706436,0.003981250194479591,0.05870631703851567,1.4680532579816017,290
bfi_binary_elaborated,moral,Honest_Feedback,gpt-4o,neuroticism,-0.3465383272527967,1.3211459378360323e-09,0.12008881225516699,0.11703356507549734,0.055274290404034566,-6.269430592771613,290
bfi_binary_elaborated,moral,Workplace_Theft,gpt-4o,openness,-0.14935348955095237,0.010874275018952998,0.022306464841046703,0.018911695621744662,0.058264648109311694,-2.5633637960148103,290
bfi_binary_elaborated,moral,Workplace_Theft,gpt-4o,conscientiousness,0.17986894205018736,0.0021054101125097665,0.032352836314253786,0.02899295032923377,0.05796452350377733,3.103086701617861,290
bfi_binary_elaborated,moral,Workplace_Theft,gpt-4o,extraversion,0.025800196233391574,0.6617221020040676,0.0006656501256815384,-0.0028042608113820755,0.05890594992921855,0.4379896473003681,290
bfi_binary_elaborated,moral,Workplace_Theft,gpt-4o,agreeableness,-0.014378999249555826,0.8073697761372339,0.0002067556194186304,-0.0032647487013472976,0.058919473188122684,-0.24404493916035938,290
bfi_binary_elaborated,moral,Workplace_Theft,gpt-4o,neuroticism,-0.2439750680879455,2.663873868254903e-05,0.059523833848518004,0.05625829160493634,0.05714492316541795,-4.26940932935912,290
bfi_binary_elaborated,moral,ethic_sum,llama,openness,-0.16364642645416402,0.005212179472549288,0.026780152891218045,0.023400917310979152,0.05813119283344204,-2.815122457972694,290
bfi_binary_elaborated,moral,ethic_sum,llama,conscientiousness,0.17827501441927399,0.0023094589311786484,0.03178198076619221,0.02842011264385247,0.057981618831657436,3.074681563080772,290
bfi_binary_elaborated,moral,ethic_sum,llama,extraversion,0.07051614763328345,0.23124763731657266,0.004972527077039213,0.0015175705738343925,0.058778878036287174,1.1996851588380144,290
bfi_binary_elaborated,moral,ethic_sum,llama,agreeableness,0.07816763090912582,0.18436661641350746,0.006110178521946175,0.0026591721973695526,0.058745266401443584,1.3306200771132253,290
bfi_binary_elaborated,moral,ethic_sum,llama,neuroticism,-0.20873191965207166,0.0003452763794068991,0.043569014281638396,0.040248073359005154,0.05762760556047064,-3.6220821188387227,290
bfi_binary_elaborated,moral,Confidential_Info,llama,openness,-0.1056596497099688,0.07240232172834407,0.01116396157683286,0.007730503110085607,0.05859572054977314,-1.8031973788976279,290
bfi_binary_elaborated,moral,Confidential_Info,llama,conscientiousness,0.10409415755301371,0.07675804247298723,0.010835593636671637,0.0074009950034655825,0.058605448835462426,1.7761856554543758,290
bfi_binary_elaborated,moral,Confidential_Info,llama,extraversion,0.013904526137288565,0.8136078198340955,0.00019333584710257146,-0.0032782150700951806,0.058919868611509635,0.23599044710993128,290
bfi_binary_elaborated,moral,Confidential_Info,llama,agreeableness,0.032946453895014834,0.5763074669974594,0.0010854688242569743,-0.002382984408992206,0.05889357548365619,0.5594235640211376,290
bfi_binary_elaborated,moral,Confidential_Info,llama,neuroticism,-0.09526969728979752,0.10543389105956613,0.009076315221689946,0.005635607982876323,0.05865754204544854,-1.624167906933118,290
bfi_binary_elaborated,moral,Underage_Drinking,llama,openness,-0.13754688929022696,0.01911034881570428,0.018919146753419214,0.015512616012979596,0.05836549271992409,-2.3566474449254997,290
bfi_binary_elaborated,moral,Underage_Drinking,llama,conscientiousness,0.1377768032832102,0.01890869350406419,0.018982447522938983,0.015576136576837984,0.05836360977613453,2.360662813895184,290
bfi_binary_elaborated,moral,Underage_Drinking,llama,extraversion,0.0672615009184972,0.2535502371572514,0.004524109505808838,0.0010675959971483406,0.058792121144421894,1.1440563736979383,290
bfi_binary_elaborated,moral,Underage_Drinking,llama,agreeableness,0.06125961012681971,0.2984863734753682,0.003752739832891705,0.00029354795731140193,0.05881489501461544,1.0415662582003549,290
bfi_binary_elaborated,moral,Underage_Drinking,llama,neuroticism,-0.13087201882804966,0.025837976908182562,0.017127485312129376,0.013714733525018619,0.058418762286705846,-2.2402395002098796,290
bfi_binary_elaborated,moral,Exam_Cheating,llama,openness,-0.14623835063224266,0.012666513501706207,0.02138565519563862,0.017987688720623396,0.058292079007487285,-2.5087173612980793,290
bfi_binary_elaborated,moral,Exam_Cheating,llama,conscientiousness,0.17565498479451408,0.002684320051722599,0.030854673683160527,0.027489585744560285,0.058009378022869186,3.0280446159113303,290
bfi_binary_elaborated,moral,Exam_Cheating,llama,extraversion,0.08719659313980704,0.13852289975337145,0.007603245855187457,0.004157423792184534,0.05870112488703106,1.4854330868039556,290
bfi_binary_elaborated,moral,Exam_Cheating,llama,agreeableness,0.09621405146293752,0.10201016614968383,0.009257143698912729,0.005817064336756106,0.058652189747327874,1.640417039456245,290
bfi_binary_elaborated,moral,Exam_Cheating,llama,neuroticism,-0.1912746047309551,0.0010622557060926171,0.03658597441498235,0.033240786826145396,0.057837596672379574,-3.3070980769555134,290
bfi_binary_elaborated,moral,Honest_Feedback,llama,openness,0.015248506546561624,0.7959699349220692,0.00023251695190085186,-0.003238897919793926,0.058918714104219776,0.2588058272892538,290
bfi_binary_elaborated,moral,Honest_Feedback,llama,conscientiousness,0.15740761894672517,0.007236916084727215,0.024777158502477192,0.021390968080610695,0.0581909823071101,2.7050173876767882,290
bfi_binary_elaborated,moral,Honest_Feedback,llama,extraversion,0.19031572173803576,0.0011268410591986852,0.03622007394066851,0.03287361586407356,0.05784857886409051,3.2898945051902424,290
bfi_binary_elaborated,moral,Honest_Feedback,llama,agreeableness,0.08684137904661653,0.1401435507796769,0.007541425114717337,0.004095388396365585,0.05870295323364641,1.4793357789168635,290
bfi_binary_elaborated,moral,Honest_Feedback,llama,neuroticism,-0.16195312673096626,0.005704102456419818,0.026228815257936633,0.022847665310915533,0.05814765641899113,-2.7852047133936093,290
bfi_binary_elaborated,moral,Workplace_Theft,llama,openness,-0.20197723312697863,0.0005393240049045407,0.04079480270162983,0.03746422909989933,0.057711121993342406,-3.499797372684573,290
bfi_binary_elaborated,moral,Workplace_Theft,llama,conscientiousness,0.0762884560648931,0.19517425847944755,0.005819928528765339,0.0023679143917123557,0.058753843593869676,1.298441963937368,290
bfi_binary_elaborated,moral,Workplace_Theft,llama,extraversion,-0.08370423093274851,0.1550925762761468,0.007006398276042436,0.0035585038256119583,0.058718774258582795,-1.425510528611105,290
bfi_binary_elaborated,moral,Workplace_Theft,llama,agreeableness,0.007670766168721809,0.8965140666935636,5.884065361516644e-05,-0.003413177260782163,0.058923831463994006,0.13018104862052474,290
bfi_binary_elaborated,moral,Workplace_Theft,llama,neuroticism,-0.17209144720630684,0.0032829822159997574,0.029615466201561413,0.026246075459205653,0.05804645331418343,-2.9647194166169144,290
bfi_binary_elaborated,moral,ethic_sum,deepseek,openness,-0.08755658116440851,0.13689516112741384,0.007666154905199507,0.004220551276397977,0.05869926429523106,-1.4916129225067973,290
bfi_binary_elaborated,moral,ethic_sum,deepseek,conscientiousness,0.26646668417817104,4.191907433887195e-06,0.0710044937769092,0.06777881493585669,0.05679506000571177,4.691722909551869,290
bfi_binary_elaborated,moral,ethic_sum,deepseek,extraversion,0.05088121413033364,0.38797642397954835,0.002588897951376734,-0.0008743350418476403,0.058849239529703216,0.8646027465597437,290
bfi_binary_elaborated,moral,ethic_sum,deepseek,agreeableness,0.015313554192682741,0.7951188218480253,0.00023450494201282535,-0.0032369030269385757,0.05891865552565966,0.2599101092185231,290
bfi_binary_elaborated,moral,ethic_sum,deepseek,neuroticism,-0.2542585470304131,1.1683282020743425e-05,0.06464740873801667,0.06139965668502356,0.05698905204504621,-4.461533187627651,290
bfi_binary_elaborated,moral,Confidential_Info,deepseek,openness,-0.07906225170877956,0.1793790588352123,0.006250839645262851,0.00280032172736433,0.0587411092668362,-1.3459441385356368,290
bfi_binary_elaborated,moral,Confidential_Info,deepseek,conscientiousness,0.191109552496561,0.0010731242337883745,0.03652286105543623,0.033177454322989686,0.05783949111503665,3.30413613281044,290
bfi_binary_elaborated,moral,Confidential_Info,deepseek,extraversion,-0.027295460415701453,0.6434334215640289,0.0007450421593050427,-0.002724593110975171,0.05890360999361743,-0.4633919791785102,290
bfi_binary_elaborated,moral,Confidential_Info,deepseek,agreeableness,-0.03048667047790779,0.605123177390208,0.0009294370768282434,-0.0025395579333218343,0.05889817493055198,-0.5176165562660513,290
bfi_binary_elaborated,moral,Confidential_Info,deepseek,neuroticism,-0.10798738876725016,0.0662999695135513,0.011661276132769571,0.008229544452674875,0.05858098394611118,-1.8433863942365338,290
bfi_binary_elaborated,moral,Underage_Drinking,deepseek,openness,-0.06823613698800492,0.24672063631180816,0.004656170391045822,0.0012001154271257253,0.05878822130257027,-1.1607110314974196,290
bfi_binary_elaborated,moral,Underage_Drinking,deepseek,conscientiousness,0.24809767782788675,1.9224800034344017e-05,0.06155245774358997,0.05829395933297732,0.05708325858439177,4.346242383151615,290
bfi_binary_elaborated,moral,Underage_Drinking,deepseek,extraversion,0.02204548237124063,0.7085195894695426,0.0004860032929807634,-0.0029845314178076343,0.05891124434934522,0.3742151878597292,290
bfi_binary_elaborated,moral,Underage_Drinking,deepseek,agreeableness,-0.010396349541696902,0.8600711603322505,0.00010808408379359147,-0.003363762846471108,0.05892238055496914,-0.17644143776570717,290
bfi_binary_elaborated,moral,Underage_Drinking,deepseek,neuroticism,-0.2444666383797939,2.5630233793509082e-05,0.059763937280717605,0.056499228729608886,0.05713762815438357,-4.278557690901255,290
bfi_binary_elaborated,moral,Exam_Cheating,deepseek,openness,-0.01846784773611948,0.7541556552143809,0.00034106140000489393,-0.003129976581245142,0.05891551562406953,-0.31346322849756353,290
bfi_binary_elaborated,moral,Exam_Cheating,deepseek,conscientiousness,0.2215729252109559,0.00014217803065717823,0.049094561186539765,0.04579280619065962,0.057460899713457955,3.8560643205358853,290
bfi_binary_elaborated,moral,Exam_Cheating,deepseek,extraversion,0.08826386179356678,0.13373989051542168,0.0077905092987140545,0.004345337456001186,0.058695586228546995,1.5037563718997162,290
bfi_binary_elaborated,moral,Exam_Cheating,deepseek,agreeableness,0.019905005213540904,0.7357102504956281,0.00039620923255079266,-0.0030746372631695884,0.058913890515907286,0.3378660794463467,290
bfi_binary_elaborated,moral,Exam_Cheating,deepseek,neuroticism,-0.19702480797317434,0.0007412445639902442,0.038818774956866364,0.03548134014768867,0.057770535822143226,-3.410472227222367,290
bfi_binary_elaborated,moral,Honest_Feedback,deepseek,openness,-0.09344802757073815,0.11229397859171156,0.008732533856860902,0.00529063293275267,0.058667716199866854,-1.5928356108559452,290
bfi_binary_elaborated,moral,Honest_Feedback,deepseek,conscientiousness,0.10887118279406609,0.06409632491532141,0.011852934442979302,0.008421868243128405,0.0585753036684469,1.8586533227434614,290
bfi_binary_elaborated,moral,Honest_Feedback,deepseek,extraversion,0.09174293453764211,0.11902774090951698,0.008416766037577905,0.004973768697430492,0.05867705974354284,1.5635230350433165,290
bfi_binary_elaborated,moral,Honest_Feedback,deepseek,agreeableness,0.07082194817519777,0.22922570935342698,0.005015748343330073,0.001560941913966496,0.058777601425742426,1.2049138865367235,290
bfi_binary_elaborated,moral,Honest_Feedback,deepseek,neuroticism,-0.23229313307565727,6.510892153202643e-05,0.053960099674104756,0.05067523890908421,0.057313704862104804,-4.05301199136486,290
bfi_binary_elaborated,moral,Workplace_Theft,deepseek,openness,-0.022195725868226414,0.7066243739403317,0.0004926502468175498,-0.0029778613842699198,0.05891104846365778,-0.37676677715079127,290
bfi_binary_elaborated,moral,Workplace_Theft,deepseek,conscientiousness,0.17216697923333601,0.0032691296081002606,0.029641468738332066,0.02627216828256229,0.058045675599218256,2.9660603904773004,290
bfi_binary_elaborated,moral,Workplace_Theft,deepseek,extraversion,0.05205392989797976,0.3771190750487029,0.0027096116178236818,-0.0007532022307257247,0.058845678248697415,0.8845837357500762,290
bfi_binary_elaborated,moral,Workplace_Theft,deepseek,agreeableness,0.028911577441950283,0.6239056835899928,0.0008358793101820305,-0.002633440553324373,0.05890093262000452,0.4908509280909254,290
bfi_binary_elaborated,moral,Workplace_Theft,deepseek,neuroticism,-0.17727935532992573,0.0024458997310483513,0.03142796982619411,0.028064872499201643,0.05799221781405128,-3.0569507774019233,290
bfi_binary_elaborated,moral,ethic_sum,openai-gpt-3.5-turbo-0125,openness,0.018409194569656086,0.7549115007876761,0.0003388984447032506,-0.003132147046808198,0.05891557936158689,0.31246734342833143,290
bfi_binary_elaborated,moral,ethic_sum,openai-gpt-3.5-turbo-0125,conscientiousness,0.040380505152347305,0.4933661763612651,0.0016305851963587248,-0.0018359752717096445,0.05887750392185626,0.6858392843205675,290
bfi_binary_elaborated,moral,ethic_sum,openai-gpt-3.5-turbo-0125,extraversion,0.1719692715927505,0.003305501918850444,0.029573430372141107,0.02620389367204423,0.05804771055000126,2.9625504600154597,290
bfi_binary_elaborated,moral,ethic_sum,openai-gpt-3.5-turbo-0125,agreeableness,0.09105088273074018,0.1218489956838461,0.00829026324604687,0.0048468266600955046,0.058680802533292144,1.551629814181275,290
bfi_binary_elaborated,moral,ethic_sum,openai-gpt-3.5-turbo-0125,neuroticism,-0.13622274383486632,0.020308530807794517,0.01855663593789969,0.015148846479350664,0.058376274791638975,-2.3335292346262735,290
bfi_binary_elaborated,moral,Confidential_Info,openai-gpt-3.5-turbo-0125,openness,-0.015388704594897116,0.7941358216791136,0.00023681222910887367,-0.0032345877284289948,0.05891858753855029,-0.2611859047847731,290
bfi_binary_elaborated,moral,Confidential_Info,openai-gpt-3.5-turbo-0125,conscientiousness,-0.04887230514751766,0.40701020773418284,0.0023885022104320752,-0.0010754266013373037,0.05885515110650329,-0.8303827996139057,290
bfi_binary_elaborated,moral,Confidential_Info,openai-gpt-3.5-turbo-0125,extraversion,0.18397060458225947,0.001653657291509987,0.03384518335036257,0.03049047912588454,0.057919808567345125,3.176298560592638,290
bfi_binary_elaborated,moral,Confidential_Info,openai-gpt-3.5-turbo-0125,agreeableness,0.056017151466285095,0.34182558215043535,0.0031379212583964033,-0.00032340540390096706,0.05883304056648131,0.9521376241465157,290
bfi_binary_elaborated,moral,Confidential_Info,openai-gpt-3.5-turbo-0125,neuroticism,-0.14607341718415118,0.012768268227971516,0.021337443207855133,0.01793930933010457,0.05829351488588151,-2.5058262050266187,290
bfi_binary_elaborated,moral,Underage_Drinking,openai-gpt-3.5-turbo-0125,openness,-0.005073340342789319,0.9314479034664883,2.573878223344206e-05,-0.003446394069217318,0.05892480675785518,-0.08609854867471414,290
bfi_binary_elaborated,moral,Underage_Drinking,openai-gpt-3.5-turbo-0125,conscientiousness,0.08923751256174924,0.12948824027270392,0.007963333648207671,0.004518761890041634,0.058690474168862763,1.5204769398351987,290
bfi_binary_elaborated,moral,Underage_Drinking,openai-gpt-3.5-turbo-0125,extraversion,-0.03433260323110601,0.5603580553535887,0.0011787276446245665,-0.0022894017732761895,0.0588908262626753,-0.5829872903798233,290
bfi_binary_elaborated,moral,Underage_Drinking,openai-gpt-3.5-turbo-0125,agreeableness,0.08946237565326588,0.12852133172622904,0.008003516657526188,0.004559084423698012,0.05868928551130977,1.5243391510708706,290
bfi_binary_elaborated,moral,Underage_Drinking,openai-gpt-3.5-turbo-0125,neuroticism,-0.11245235561509621,0.05577427692366759,0.012645532283384275,0.009217218159368157,0.05855180717976186,-1.9205616535430319,290
bfi_binary_elaborated,moral,Exam_Cheating,openai-gpt-3.5-turbo-0125,openness,-0.09664217269894301,0.10048731137080628,0.009339709543972563,0.005899916868777888,0.05864974573853272,-1.6477850241633594,290
bfi_binary_elaborated,moral,Exam_Cheating,openai-gpt-3.5-turbo-0125,conscientiousness,0.0017168789345874452,0.9767759494068846,2.9476732757993673e-06,-0.0034692643139697665,0.05892547825215823,0.029136444633346054,290
bfi_binary_elaborated,moral,Exam_Cheating,openai-gpt-3.5-turbo-0125,extraversion,-0.010873529230224473,0.853719085136337,0.00011823363792096142,-0.003353578050836248,0.05892208150394227,-0.1845408198876505,290
bfi_binary_elaborated,moral,Exam_Cheating,openai-gpt-3.5-turbo-0125,agreeableness,-0.07152467969988406,0.22462681671952192,0.005115779806171283,0.0016613207082759596,0.05877464672709857,-1.2169308312814917,290
bfi_binary_elaborated,moral,Exam_Cheating,openai-gpt-3.5-turbo-0125,neuroticism,0.04500250414666056,0.445199818430573,0.0020252253794704744,-0.0014399648101841578,0.05886586608260005,0.7644923474584312,290
bfi_binary_elaborated,moral,Honest_Feedback,openai-gpt-3.5-turbo-0125,openness,0.15043000216543534,0.010309243789875475,0.02262918555149307,0.0192355368902134,0.058255031210012534,2.582266270240712,290
bfi_binary_elaborated,moral,Honest_Feedback,openai-gpt-3.5-turbo-0125,conscientiousness,0.09790092725236489,0.09611407338871103,0.009584591556872635,0.006145649166445,0.058642496454597896,1.6694536073879733,290
bfi_binary_elaborated,moral,Honest_Feedback,openai-gpt-3.5-turbo-0125,extraversion,0.3105160883098601,6.697348057358215e-08,0.09642024109925673,0.09328281138085126,0.056012763888290275,5.54366659944047,290
bfi_binary_elaborated,moral,Honest_Feedback,openai-gpt-3.5-turbo-0125,agreeableness,0.11115768408342981,0.058673120810018624,0.012356030730791612,0.008926711393051234,0.058560390519021524,1.8981718376233112,290
bfi_binary_elaborated,moral,Honest_Feedback,openai-gpt-3.5-turbo-0125,neuroticism,-0.1560214645538794,0.00777252645934338,0.02434269740153705,0.020954998434181138,0.05820394288496063,-2.680599574881961,290
bfi_binary_elaborated,moral,Workplace_Theft,openai-gpt-3.5-turbo-0125,openness,0.021207883573034905,0.7191179451243791,0.0004497743256473008,-0.0030208861801666043,0.05891231200533315,0.3599906853276276,290
bfi_binary_elaborated,moral,Workplace_Theft,openai-gpt-3.5-turbo-0125,conscientiousness,-0.03396248317150317,0.5645958744992627,0.0011534502631742605,-0.002314766923412037,0.058891571439266266,-0.5766951423011019,290
bfi_binary_elaborated,moral,Workplace_Theft,openai-gpt-3.5-turbo-0125,extraversion,-0.05130071282571179,0.3840709996805155,0.0026317631364255467,-0.0008313210193509057,0.05884797495051377,-0.8717498413301631,290
bfi_binary_elaborated,moral,Workplace_Theft,openai-gpt-3.5-turbo-0125,agreeableness,0.023288896247533514,0.6928898836642693,0.000542372688427939,-0.0029279662952927943,0.05890958312295832,0.3953328985357789,290
bfi_binary_elaborated,moral,Workplace_Theft,openai-gpt-3.5-turbo-0125,neuroticism,0.10022032555393269,0.08845373993145957,0.010044113654136821,0.006606766826546928,0.05862889072453774,1.7094017013695235,290
bfi_binary_elaborated,risk,risk_sum,gpt-4,openness,-0.31797197609234185,3.097844485690841e-08,0.10110617758006857,0.09798501847444374,0.055867334871324933,-5.691554408756082,290
bfi_binary_elaborated,risk,risk_sum,gpt-4,conscientiousness,-0.14868034584260081,0.011241346924033658,0.022105845239874578,0.01871037942473519,0.05827062566284427,-2.5515488147127527,290
bfi_binary_elaborated,risk,risk_sum,gpt-4,extraversion,-0.5162637874326527,3.716815178328401e-21,0.2665282982143071,0.2639815214719956,0.050465599593301484,-10.230013942035448,290
bfi_binary_elaborated,risk,risk_sum,gpt-4,agreeableness,-0.21750324708342741,0.00018941219146753136,0.04730766249183371,0.043999702986596945,0.057514863341893534,-3.781687627257199,290
bfi_binary_elaborated,risk,risk_sum,gpt-4,neuroticism,0.3022953747467342,1.52938733358577e-07,0.09138249359326844,0.0882275716960228,0.05616869143255505,5.3819194828442365,290
bfi_binary_elaborated,risk,Investment,gpt-4,openness,-0.255937688428943,1.0177664391954936e-05,0.06550410035835097,0.06225932292903957,0.05696294786360059,-4.49305553922162,290
bfi_binary_elaborated,risk,Investment,gpt-4,conscientiousness,-0.1409391777955917,0.01631720697434936,0.019863851837697566,0.016460601323245005,0.058337385221249344,-2.415932377858011,290
bfi_binary_elaborated,risk,Investment,gpt-4,extraversion,-0.47438828854294385,1.1132535123408728e-17,0.22504424830670333,0.22235342972443484,0.05187310075818091,-9.145169299873173,290
bfi_binary_elaborated,risk,Investment,gpt-4,agreeableness,-0.21488890945267336,0.00022710667884257742,0.04617724340575935,0.042865358834251466,0.05754897541666386,-3.7340179889710114,290
bfi_binary_elaborated,risk,Investment,gpt-4,neuroticism,0.2769914876666062,1.6621229364156566e-06,0.07672428423975974,0.07351846578225885,0.05661994752294302,4.892118410289346,290
bfi_binary_elaborated,risk,Extreme_Sports,gpt-4,openness,-0.14801851914325861,0.01161287584856728,0.021909482009364045,0.018513334377452062,0.05827647580209298,-2.539936005154632,290
bfi_binary_elaborated,risk,Extreme_Sports,gpt-4,conscientiousness,-0.044831881945552335,0.4469291163150114,0.0020098976387801226,-0.0014553457721964147,0.058866318136744894,-0.761588007617685,290
bfi_binary_elaborated,risk,Extreme_Sports,gpt-4,extraversion,-0.36129017041633543,2.2759826407967877e-10,0.13053058723946498,0.1275115962229353,0.05494534572217773,-6.575446303371006,290
bfi_binary_elaborated,risk,Extreme_Sports,gpt-4,agreeableness,-0.15430379362508367,0.008485078433518612,0.023809660727093007,0.02042011093795082,0.058219840167609865,-2.650364432139567,290
bfi_binary_elaborated,risk,Extreme_Sports,gpt-4,neuroticism,0.22812092369413475,8.862677258760129e-05,0.05203915582706642,0.048747625118132576,0.05737186339081017,3.976181183800894,290
bfi_binary_elaborated,risk,Entrepreneurial_Venture,gpt-4,openness,-0.3169807221424269,3.43643500423378e-08,0.10047677820993461,0.09735343368983018,0.055886890413623755,-5.6718260722044995,290
bfi_binary_elaborated,risk,Entrepreneurial_Venture,gpt-4,conscientiousness,-0.16873474965768906,0.0039549879462236,0.028471415742042594,0.025098052602257948,0.05808066063488411,-2.9051795866857693,290
bfi_binary_elaborated,risk,Entrepreneurial_Venture,gpt-4,extraversion,-0.4946945607990223,2.632385029488925e-19,0.2447227084841379,0.2421002178885966,0.051210258694339615,-9.660067599965123,290
bfi_binary_elaborated,risk,Entrepreneurial_Venture,gpt-4,agreeableness,-0.2135109167377853,0.00024968861592459434,0.04558691156620942,0.0422729772313698,0.05756678152232893,-3.708925722292968,290
bfi_binary_elaborated,risk,Entrepreneurial_Venture,gpt-4,neuroticism,0.29313356514855704,3.7268240888388335e-07,0.08592728701670349,0.08275342342995584,0.05633705340845885,5.203210807339524,290
bfi_binary_elaborated,risk,Confessing_Feelings,gpt-4,openness,-0.25865505579493697,8.124616670839653e-06,0.06690243788828187,0.06366251579761606,0.05692031351517387,-4.544160771812764,290
bfi_binary_elaborated,risk,Confessing_Feelings,gpt-4,conscientiousness,-0.1535023254574666,0.008837008948284679,0.023562963920849778,0.0201725575455749,0.05822719618249559,-2.6362651049925163,290
bfi_binary_elaborated,risk,Confessing_Feelings,gpt-4,extraversion,-0.48853716615100273,8.412747137317116e-19,0.23866856271085235,0.23602505077582048,0.05141509442791835,-9.501823765701916,290
bfi_binary_elaborated,risk,Confessing_Feelings,gpt-4,agreeableness,-0.16323494645236553,0.005328077264596278,0.02664564774330669,0.0232659451313042,0.05813520974420242,-2.8078499616773853,290
bfi_binary_elaborated,risk,Confessing_Feelings,gpt-4,neuroticism,0.2927724936580739,3.8575333737626305e-07,0.08571573304276736,0.08254113489361026,0.056343572385473085,5.196200405169173,290
bfi_binary_elaborated,risk,Study_Overseas,gpt-4,openness,-0.3821954416025603,1.606156660547109e-11,0.14607335558177648,0.14310833251087973,0.0544520254067432,-7.018938942080751,290
bfi_binary_elaborated,risk,Study_Overseas,gpt-4,conscientiousness,-0.14066090816898935,0.016532072606676666,0.019785491086924734,0.01638196848653206,0.058339717177859414,-2.4110659936893173,290
bfi_binary_elaborated,risk,Study_Overseas,gpt-4,extraversion,-0.3999657210326668,1.4473192969458417e-12,0.15997257800118114,0.1570558161192407,0.05400705400167964,-7.405805193896111,290
bfi_binary_elaborated,risk,Study_Overseas,gpt-4,agreeableness,-0.17230273846585747,0.003244364405471278,0.029688233682833798,0.026319095605343512,0.05804427687111074,-2.9684707563583137,290
bfi_binary_elaborated,risk,Study_Overseas,gpt-4,neuroticism,0.20833439573167528,0.0003545979273346436,0.043403220444882096,0.04008170384920451,0.05763260011206747,3.614870669144995,290
bfi_binary_elaborated,risk,risk_sum,gpt-4o,openness,-0.39081108641221524,5.091590280385876e-12,0.15273330526269602,0.14979140701708027,0.05423926848341187,-7.205316320439276,290
bfi_binary_elaborated,risk,risk_sum,gpt-4o,conscientiousness,-0.07013726632027246,0.23377020812904195,0.004919236126880833,0.0014640945856546628,0.05878045203318966,-1.1932073315916372,290
bfi_binary_elaborated,risk,risk_sum,gpt-4o,extraversion,-0.5048544214532601,3.674275786793648e-20,0.254877986860906,0.2522907576486174,0.05086481310580546,-9.925415835168742,290
bfi_binary_elaborated,risk,risk_sum,gpt-4o,agreeableness,-0.16501056047292983,0.004843987218060077,0.02722848506759068,0.023850806196297536,0.05811780167292195,-2.8392429810333137,290
bfi_binary_elaborated,risk,risk_sum,gpt-4o,neuroticism,0.2108810177191132,0.0002987094386370658,0.044470803634249045,0.041152993924645664,0.05760043150535671,3.6611013530254843,290
bfi_binary_elaborated,risk,Investment,gpt-4o,openness,-0.3983942335138694,1.8011081380643502e-12,0.1587179652971038,0.15579684712105202,0.05404736974221522,-7.371204841494671,290
bfi_binary_elaborated,risk,Investment,gpt-4o,conscientiousness,-0.05988570192763886,0.3094748011343754,0.003586297295366636,0.000126527494308748,0.05881980789715109,-1.0181213449787447,290
bfi_binary_elaborated,risk,Investment,gpt-4o,extraversion,-0.48031618558660455,3.827988143386215e-18,0.23070363813646588,0.2280324702133285,0.05168334280149911,-9.293442713861625,290
bfi_binary_elaborated,risk,Investment,gpt-4o,agreeableness,-0.12324559483224318,0.03592846490935477,0.015189476645552924,0.011769995661683241,0.05847632840619877,-2.107615135754292,290
bfi_binary_elaborated,risk,Investment,gpt-4o,neuroticism,0.21013373570201493,0.0003141940228504761,0.04415618688008438,0.040837284751195635,0.05760991346017266,3.6475273625829385,290
bfi_binary_elaborated,risk,Extreme_Sports,gpt-4o,openness,-0.31118745038201717,6.253573016872785e-08,0.0968376292752603,0.0937016488213549,0.055999825481025785,-5.556936074514298,290
bfi_binary_elaborated,risk,Extreme_Sports,gpt-4o,conscientiousness,0.007857123913821535,0.8940145104820851,6.173439619705512e-05,-0.0034102734704828386,0.05892374620371549,0.13334393041911,290
bfi_binary_elaborated,risk,Extreme_Sports,gpt-4o,extraversion,-0.40754995221755014,4.95570815431495e-13,0.16609696355252768,0.16320146689819615,0.0538098193114556,-7.573895572081704,290
bfi_binary_elaborated,risk,Extreme_Sports,gpt-4o,agreeableness,-0.13133356547866662,0.025314668816954364,0.017248505421339044,0.01383617384294078,0.05841516565411871,-2.248278576428322,290
bfi_binary_elaborated,risk,Extreme_Sports,gpt-4o,neuroticism,0.07414827683119332,0.20803759333067778,0.005497966957035527,0.0020448348978584496,0.0587633564321929,1.261811464373263,290
bfi_binary_elaborated,risk,Entrepreneurial_Venture,gpt-4o,openness,-0.3486956065398197,1.027318495931206e-09,0.12158862602017351,0.11853858652718796,0.0552271626374695,-6.313842498641116,290
bfi_binary_elaborated,risk,Entrepreneurial_Venture,gpt-4o,conscientiousness,-0.09171481951951085,0.11914135475044074,0.00841160811949615,0.004968592869910915,0.05867721235356265,-1.5630398214366141,290
bfi_binary_elaborated,risk,Entrepreneurial_Venture,gpt-4o,extraversion,-0.49407687882021817,2.9609289435770543e-19,0.24411196218472875,0.24148735094231455,0.0512309598037567,-9.644107405225466,290
bfi_binary_elaborated,risk,Entrepreneurial_Venture,gpt-4o,agreeableness,-0.1877504854368033,0.0013177843339325394,0.03525024478175531,0.03190041924280296,0.05787767738042224,-3.243918794507673,290
bfi_binary_elaborated,risk,Entrepreneurial_Venture,gpt-4o,neuroticism,0.23074228174768405,7.306474287092807e-05,0.05324200058612771,0.04995464642149616,0.05733545294694626,4.024425898600555,290
bfi_binary_elaborated,risk,Confessing_Feelings,gpt-4o,openness,-0.2796788697119062,1.3042792084177835e-06,0.07822027016332955,0.07501964610139655,0.05657405820632705,-4.943588608968269,290
bfi_binary_elaborated,risk,Confessing_Feelings,gpt-4o,conscientiousness,-0.10474970222069808,0.07490891049527115,0.010972500115324912,0.007538376851836337,0.05860139301662084,-1.7874950889134738,290
bfi_binary_elaborated,risk,Confessing_Feelings,gpt-4o,extraversion,-0.5539303707899723,1.0120869431840615e-24,0.30683885568351665,0.3044320461546399,0.049059245090774445,-11.291049623063575,290
bfi_binary_elaborated,risk,Confessing_Feelings,gpt-4o,agreeableness,-0.17833414122393143,0.002301578867757975,0.03180306592607751,0.0284412710160985,0.05798098748709699,-3.0757348046826154,290
bfi_binary_elaborated,risk,Confessing_Feelings,gpt-4o,neuroticism,0.2549750414570274,1.1016635926783332e-05,0.06501227176601299,0.06176578659853382,0.056977935795175204,4.474978566679108,290
bfi_binary_elaborated,risk,Study_Overseas,gpt-4o,openness,-0.4085386874906786,4.3008209073896076e-13,0.1669038591766071,0.1640111642431925,0.05378377946383609,-7.595946055917802,290
bfi_binary_elaborated,risk,Study_Overseas,gpt-4o,conscientiousness,-0.056423863811259786,0.33832661052239654,0.003183652407392046,-0.0002775154661935897,0.05883169106515167,-0.959072615281016,290
bfi_binary_elaborated,risk,Study_Overseas,gpt-4o,extraversion,-0.2961942634674068,2.777183537048779e-07,0.08773104171099988,0.08456344116138526,0.056281440543171794,-5.262734226573414,290
bfi_binary_elaborated,risk,Study_Overseas,gpt-4o,agreeableness,-0.1111078901359995,0.05878705220789731,0.012344963250473628,0.00891560548398207,0.05856071863025088,-1.8973109062668536,290
bfi_binary_elaborated,risk,Study_Overseas,gpt-4o,neuroticism,0.15456705160420917,0.00837223095727552,0.02389097344161817,0.020501705988290375,0.05821741537828437,2.6549968012125817,290
bfi_binary_elaborated,risk,risk_sum,llama,openness,-0.3145932012735284,4.404945143759125e-08,0.09896888228752687,0.09584030201769178,0.05593371317760849,-5.624393293443409,290
bfi_binary_elaborated,risk,risk_sum,llama,conscientiousness,-0.06442141350299233,0.2741939735328975,0.0041501185177234,0.0006923064292432279,0.058803163932565135,-1.0955433210510601,290
bfi_binary_elaborated,risk,risk_sum,llama,extraversion,-0.4986126328458578,1.2414485519982824e-19,0.2486145576334784,0.246005580403039,0.05107814826752541,-9.761760160809645,290
bfi_binary_elaborated,risk,risk_sum,llama,agreeableness,-0.17619052376177347,0.002603476897905021,0.03104310066344773,0.02767866698519572,0.05800373848513489,-3.037571859388465,290
bfi_binary_elaborated,risk,risk_sum,llama,neuroticism,0.31369703411005817,4.8325004107939505e-08,0.09840582920944752,0.09527529389420242,0.05595118689755349,5.606619832469985,290
bfi_binary_elaborated,risk,Investment,llama,openness,-0.14103335467969164,0.016245043268906665,0.0198904071322078,0.016487248823638945,0.058336594934643896,-2.417579477130868,290
bfi_binary_elaborated,risk,Investment,llama,conscientiousness,-0.005376999879778186,0.9273557665908614,2.8912127706837154e-05,-0.0034432097051830812,0.05892471326099015,-0.09125203301308069,290
bfi_binary_elaborated,risk,Investment,llama,extraversion,-0.2934725112555431,3.608001132544371e-07,0.08612611486263422,0.08295294165035161,0.05633092589583911,-5.2097938492649645,290
bfi_binary_elaborated,risk,Investment,llama,agreeableness,-0.1520676628682929,0.009499487210845411,0.023124574090224836,0.019732645528037995,0.05824026581487003,-2.6110399865219476,290
bfi_binary_elaborated,risk,Investment,llama,neuroticism,0.05199436273454861,0.3776660316229974,0.0027034137561720017,-0.0007594216127302378,0.05884586110256324,0.8835687295649721,290
bfi_binary_elaborated,risk,Extreme_Sports,llama,openness,-0.29055824826863136,4.76064931649573e-07,0.08442409563693565,0.08124501263567496,0.05638335748481672,-5.1532626156020385,290
bfi_binary_elaborated,risk,Extreme_Sports,llama,conscientiousness,-0.05516524988560623,0.3492288883623714,0.0030432047949416896,-0.0004184507439648488,0.05883583549934899,-0.9376130961243275,290
bfi_binary_elaborated,risk,Extreme_Sports,llama,extraversion,-0.35054115040226475,8.271529187499859e-10,0.1228790981253437,0.11983353943827879,0.0551865806792265,-6.351927336099961,290
bfi_binary_elaborated,risk,Extreme_Sports,llama,agreeableness,-0.1634217500880378,0.005275178055531302,0.026706668401836886,0.02332717766712089,0.05813338743541309,-2.811151341724261,290
bfi_binary_elaborated,risk,Extreme_Sports,llama,neuroticism,0.17175647687529944,0.0033450591782788245,0.029500287348614762,0.026130496679686255,0.05804989809576247,2.958773098825428,290
bfi_binary_elaborated,risk,Entrepreneurial_Venture,llama,openness,-0.19467283053054082,0.0008598212844168722,0.03789751094677307,0.034556877304227074,0.0577982148733499,-3.3681460743574325,290
bfi_binary_elaborated,risk,Entrepreneurial_Venture,llama,conscientiousness,-0.04808765685969418,0.4145924501646311,0.0023124227422558485,-0.001151770234333549,0.05885739525827993,-0.817019792477638,290
bfi_binary_elaborated,risk,Entrepreneurial_Venture,llama,extraversion,-0.3779793129082783,2.784057672589186e-11,0.14286836098661426,0.1398922094622621,0.054554115558333754,-6.928520589873951,290
bfi_binary_elaborated,risk,Entrepreneurial_Venture,llama,agreeableness,-0.09516724871256976,0.1058107048120823,0.009056805227520837,0.00561603024567181,0.05865811948783295,-1.6224053812756416,290
bfi_binary_elaborated,risk,Entrepreneurial_Venture,llama,neuroticism,0.3514735323702935,7.409753343450395e-10,0.12353364395685285,0.1204903579983696,0.05516598552081834,6.371200098249957,290
bfi_binary_elaborated,risk,Confessing_Feelings,llama,openness,-0.21330259583454458,0.00025327942125504346,0.04549799738975524,0.042183754325136213,0.057569462952323104,-3.7051343697820127,290
bfi_binary_elaborated,risk,Confessing_Feelings,llama,conscientiousness,-0.07718193840648829,0.18997932254211009,0.0059570516161829845,0.0025055136009612955,0.058749791618537585,-1.313739781540514,290
bfi_binary_elaborated,risk,Confessing_Feelings,llama,extraversion,-0.39544980031778026,2.7048788766099704e-12,0.1563805445713723,0.1534513103511339,0.054122400355474706,-7.306582814518109,290
bfi_binary_elaborated,risk,Confessing_Feelings,llama,agreeableness,-0.11566581249585486,0.04908872965947678,0.013378580180326116,0.009952811361507719,0.058530067647477674,-1.976177666366313,290
bfi_binary_elaborated,risk,Confessing_Feelings,llama,neuroticism,0.2633107266835122,5.490568841616006e-06,0.06933253878659962,0.06610105454627524,0.056846145342708106,4.631989118982333,290
bfi_binary_elaborated,risk,Study_Overseas,llama,openness,-0.2953599669480456,3.010028120538004e-07,0.08723751007555036,0.08406819587442371,0.05629666243327893,-5.2464916068176715,290
bfi_binary_elaborated,risk,Study_Overseas,llama,conscientiousness,-0.05295355155972157,0.3689177681365875,0.0028040786227875314,-0.0006584072153279497,0.058842891143411055,-0.8999141702718843,290
bfi_binary_elaborated,risk,Study_Overseas,llama,extraversion,-0.46724595198326146,3.920920528221221e-17,0.21831877964474422,0.21560460874073284,0.05209770536224511,-8.968647442999893,290
bfi_binary_elaborated,risk,Study_Overseas,llama,agreeableness,-0.14514854274093908,0.013352304070423184,0.021068099459817247,0.017669030360719318,0.058301535992612216,-2.489617816575739,290
bfi_binary_elaborated,risk,Study_Overseas,llama,neuroticism,0.3102331271355369,6.893343294329461e-08,0.09624459317229472,0.09310655356525399,0.05601820781710738,5.538076622308415,290
bfi_binary_elaborated,risk,risk_sum,deepseek,openness,-0.2633827173207334,5.457080883845653e-06,0.06937045578325263,0.0661391031991666,0.05684498732593689,-4.6333499172152806,290
bfi_binary_elaborated,risk,risk_sum,deepseek,conscientiousness,-0.15554650570758502,0.007964017995953098,0.024194715437839465,0.020806502644220792,0.05820835673353625,-2.672236675906163,290
bfi_binary_elaborated,risk,risk_sum,deepseek,extraversion,-0.4174062634640526,1.181244831049274e-13,0.174227988779022,0.17136072485117126,0.05354683863544715,-7.795161658483724,290
bfi_binary_elaborated,risk,risk_sum,deepseek,agreeableness,-0.18494094418709217,0.0015606710032028414,0.03420315283681341,0.030849691561941173,0.057909077655167125,-3.193643409214103,290
bfi_binary_elaborated,risk,risk_sum,deepseek,neuroticism,0.344314004787125,1.7089327660055878e-09,0.11855213389254848,0.11549155102411979,0.055322534906027565,6.223756835654522,290
bfi_binary_elaborated,risk,Investment,deepseek,openness,-0.19628423876213133,0.0007768428171940655,0.03852750238642888,0.035189056214159464,0.05777928843685549,-3.3971383876878645,290
bfi_binary_elaborated,risk,Investment,deepseek,conscientiousness,-0.0876282999761114,0.13657263469338032,0.0076787189567032454,0.004233158953080629,0.05869889269502927,-1.4928441739333174,290
bfi_binary_elaborated,risk,Investment,deepseek,extraversion,-0.3611194922618507,2.32397967899348e-10,0.13040728769145649,0.1273878685514962,0.05494924148666857,-6.571874014848106,290
bfi_binary_elaborated,risk,Investment,deepseek,agreeableness,-0.143840139694366,0.014218610013454787,0.02068998578729464,0.01728960379350042,0.05831279442621591,-2.4666994801007034,290
bfi_binary_elaborated,risk,Investment,deepseek,neuroticism,0.26464719596425607,4.8996603078224825e-06,0.0700381383317431,0.06680910408983931,0.05682459187626126,4.657265230176051,290
bfi_binary_elaborated,risk,Extreme_Sports,deepseek,openness,-0.1315816670562793,0.025037157331415705,0.017313735105309758,0.013901630018869793,0.0584132269819079,-2.252600547082146,290
bfi_binary_elaborated,risk,Extreme_Sports,deepseek,conscientiousness,0.018469132847093044,0.7541390969983641,0.0003411088681236629,-0.0031299289483066595,0.058915514225288124,0.31348504871685556,290
bfi_binary_elaborated,risk,Extreme_Sports,deepseek,extraversion,-0.20697712005817506,0.0003882184824632368,0.042839528227575974,0.039516054367254916,0.05764957814521207,-3.5902625260643815,290
bfi_binary_elaborated,risk,Extreme_Sports,deepseek,agreeableness,-0.13282436383364943,0.023686245745627693,0.017642311627813934,0.014231347432077102,0.05840346047741313,-2.274255031258255,290
bfi_binary_elaborated,risk,Extreme_Sports,deepseek,neuroticism,0.247873549077839,1.9571593459714892e-05,0.061441296332444106,0.05818241194470941,0.057086639310214744,4.342058878801191,290
bfi_binary_elaborated,risk,Entrepreneurial_Venture,deepseek,openness,-0.2600627297120456,7.222478309122201e-06,0.06763262338528042,0.06439523666092362,0.0568980379657916,-4.570680097412168,290
bfi_binary_elaborated,risk,Entrepreneurial_Venture,deepseek,conscientiousness,-0.1668851029206605,0.004376219592725808,0.027850637576839588,0.02447511895731458,0.05809921358783494,-2.8724158661521644,290
bfi_binary_elaborated,risk,Entrepreneurial_Venture,deepseek,extraversion,-0.375883166742415,3.649019793653571e-11,0.14128815504030612,0.13830651668975158,0.05460438032387594,-6.8837548290619255,290
bfi_binary_elaborated,risk,Entrepreneurial_Venture,deepseek,agreeableness,-0.1876672974254228,0.001324446639130197,0.035219014522961944,0.031869080545610995,0.05787861416232102,-3.2424290066639885,290
bfi_binary_elaborated,risk,Entrepreneurial_Venture,deepseek,neuroticism,0.2806420842697209,1.194979779198787e-06,0.07875997946325286,0.07556122939194465,0.056557493502701624,4.962067214953847,290
bfi_binary_elaborated,risk,Confessing_Feelings,deepseek,openness,-0.11362578351837635,0.0532504148181741,0.012910818680165081,0.009483425689471137,0.05854394068299356,-1.9408632591653252,290
bfi_binary_elaborated,risk,Confessing_Feelings,deepseek,conscientiousness,-0.17888435192058755,0.002229416241783289,0.0319996113620481,0.02863849890149961,0.05797510207449786,-3.085537506958101,290
bfi_binary_elaborated,risk,Confessing_Feelings,deepseek,extraversion,-0.2627435370902524,5.761339250017128e-06,0.06903416628269676,0.06580164602673377,0.05685525706531328,-4.621270761091134,290
bfi_binary_elaborated,risk,Confessing_Feelings,deepseek,agreeableness,-0.07227156229954178,0.21981129730607524,0.005223178717216115,0.0017690925322063622,0.05877147424567183,-1.2297047713562188,290
bfi_binary_elaborated,risk,Confessing_Feelings,deepseek,neuroticism,0.21424481469655604,0.00023741339638544585,0.045900840624361505,0.042587996320973764,0.05755731320507951,3.722286582995828,290
bfi_binary_elaborated,risk,Study_Overseas,deepseek,openness,-0.23075882942833234,7.297522276086426e-05,0.05324963735913457,0.04996230971107596,0.05733522170584637,-4.02473074251324,290
bfi_binary_elaborated,risk,Study_Overseas,deepseek,conscientiousness,-0.1697210476223557,0.0037456735339801445,0.02880523400603019,0.0254330299574399,0.058070681488942205,-2.922663266052318,290
bfi_binary_elaborated,risk,Study_Overseas,deepseek,extraversion,-0.29026029877078396,4.896661476351784e-07,0.08425104104250458,0.08107135715723546,0.05638868579129219,-5.147491818573423,290
bfi_binary_elaborated,risk,Study_Overseas,deepseek,agreeableness,-0.11469213989553126,0.051039864136697935,0.013154286953816041,0.009727739339072228,0.05853672022537387,-1.9593195425700625,290
bfi_binary_elaborated,risk,Study_Overseas,deepseek,neuroticism,0.21229947367663426,0.00027125461799315124,0.04507106652337678,0.041755341059916184,0.05758233638417673,3.6868853715871945,290
bfi_binary_elaborated,risk,risk_sum,openai-gpt-3.5-turbo-0125,openness,-0.30976321438839477,7.23110205756072e-08,0.09595324898823077,0.09281419776943978,0.05602723640151156,-5.528796961686971,290
bfi_binary_elaborated,risk,risk_sum,openai-gpt-3.5-turbo-0125,conscientiousness,-0.08099009463239537,0.1689716746018325,0.006559395428564541,0.0031099488849136714,0.058731989100070665,-1.3789775533466127,290
bfi_binary_elaborated,risk,risk_sum,openai-gpt-3.5-turbo-0125,extraversion,-0.5226729714301913,9.876502997942336e-22,0.2731870350636658,0.2706633789354146,0.050236004302204984,-10.404350001364458,290
bfi_binary_elaborated,risk,risk_sum,openai-gpt-3.5-turbo-0125,agreeableness,-0.18664359510518475,0.0014090023820004737,0.034835831593788114,0.03148456712015535,0.05789010687183675,-3.224101754007746,290
bfi_binary_elaborated,risk,risk_sum,openai-gpt-3.5-turbo-0125,neuroticism,0.16308018494129142,0.005372263197669884,0.02659514672048624,0.023215268757710072,0.05813671785348805,2.805115097007614,290
bfi_binary_elaborated,risk,Investment,openai-gpt-3.5-turbo-0125,openness,-0.21012488240696972,0.0003143818751921026,0.04415246620654334,0.040833551158649284,0.057610025584909644,-3.647366587214462,290
bfi_binary_elaborated,risk,Investment,openai-gpt-3.5-turbo-0125,conscientiousness,-0.00530134813101243,0.9283750802483262,2.810429200605924e-05,-0.003444020345868992,0.05892473706241701,-0.08996812536298446,290
bfi_binary_elaborated,risk,Investment,openai-gpt-3.5-turbo-0125,extraversion,-0.31971500951382686,2.578979579205412e-08,0.10221768730842651,0.09910038761158069,0.0558327833521287,-5.7262953827222605,290
bfi_binary_elaborated,risk,Investment,openai-gpt-3.5-turbo-0125,agreeableness,-0.19116430522761535,0.0010695075296963592,0.03654379159315657,0.03319845753618822,0.05783886286026211,-3.3051186654458555,290
bfi_binary_elaborated,risk,Investment,openai-gpt-3.5-turbo-0125,neuroticism,0.10092314392865093,0.08623172951037053,0.010185480980443029,0.006748625011624987,0.05862470442414096,1.7215122007010406,290
bfi_binary_elaborated,risk,Extreme_Sports,openai-gpt-3.5-turbo-0125,openness,-0.2799855845608721,1.2684771508500415e-06,0.07839192756189262,0.07519189953259353,0.05656879024072357,-4.94947096039031,290
bfi_binary_elaborated,risk,Extreme_Sports,openai-gpt-3.5-turbo-0125,conscientiousness,-0.09773268577433326,0.09668966113031108,0.009551677868664288,0.006112621194597101,0.058643470856244,-1.666556981490929,290
bfi_binary_elaborated,risk,Extreme_Sports,openai-gpt-3.5-turbo-0125,extraversion,-0.567146687105942,4.404788418335124e-26,0.32165536469524514,0.3193000013782147,0.04853208543871155,-11.686015179013062,290
bfi_binary_elaborated,risk,Extreme_Sports,openai-gpt-3.5-turbo-0125,agreeableness,-0.19483871144333714,0.000850916495465587,0.037962123476899756,0.03462171418341664,0.05779627404498483,-3.3711292754215862,290
bfi_binary_elaborated,risk,Extreme_Sports,openai-gpt-3.5-turbo-0125,neuroticism,0.2214681476964282,0.00014324139637476567,0.049048140444086896,0.04574622426507324,0.05746230224254484,3.8541467893441648,290
bfi_binary_elaborated,risk,Entrepreneurial_Venture,openai-gpt-3.5-turbo-0125,openness,-0.2701565100287709,3.044240625737407e-06,0.07298453991092535,0.06976573623006044,0.056734501679884704,-4.761767566992754,290
bfi_binary_elaborated,risk,Entrepreneurial_Venture,openai-gpt-3.5-turbo-0125,conscientiousness,-0.09825080250725546,0.09492581636270546,0.009653220193319823,0.006214516096768707,0.05864046466861406,-1.6754778984526346,290
bfi_binary_elaborated,risk,Entrepreneurial_Venture,openai-gpt-3.5-turbo-0125,extraversion,-0.4920624341082751,4.33804331824483e-19,0.24212543906056083,0.23949393016840992,0.0512982347859147,-9.592190377735648,290
bfi_binary_elaborated,risk,Entrepreneurial_Venture,openai-gpt-3.5-turbo-0125,agreeableness,-0.1527452037774658,0.009181320734883924,0.02333109727701943,0.019939885809231228,0.05823410914393838,-2.622950810493598,290
bfi_binary_elaborated,risk,Entrepreneurial_Venture,openai-gpt-3.5-turbo-0125,neuroticism,0.13904436760306824,0.017829833977074206,0.019333336162136727,0.015928243579366286,0.05835317114579417,2.382807392860772,290
bfi_binary_elaborated,risk,Confessing_Feelings,openai-gpt-3.5-turbo-0125,openness,-0.15224599827967256,0.009414808023894735,0.023178843992173292,0.019787103867145994,0.05823864803570884,-2.6141746660451903,290
bfi_binary_elaborated,risk,Confessing_Feelings,openai-gpt-3.5-turbo-0125,conscientiousness,0.02451202064368403,0.6776410205056713,0.0006008391560363702,-0.002869296819116407,0.058907860045605574,0.4161078101412476,290
bfi_binary_elaborated,risk,Confessing_Feelings,openai-gpt-3.5-turbo-0125,extraversion,-0.24502861157574263,2.4521565337944804e-05,0.06003902049073673,0.05677526708966285,0.057129269215296534,-4.289020583342864,290
bfi_binary_elaborated,risk,Confessing_Feelings,openai-gpt-3.5-turbo-0125,agreeableness,-0.02968824904159506,0.6146126814704534,0.0008813921311556783,-0.0025877697017222534,0.058899591109598824,-0.5040484744003051,290
bfi_binary_elaborated,risk,Confessing_Feelings,openai-gpt-3.5-turbo-0125,neuroticism,0.058165252134059715,0.3236051296313148,0.0033831965558194232,-7.72784561395845e-05,0.058825802263623626,0.988771081665768,290
bfi_binary_elaborated,risk,Study_Overseas,openai-gpt-3.5-turbo-0125,openness,-0.24693602530439807,2.1087502545819645e-05,0.06097740059313439,0.05771690545630492,0.057100745501520306,-4.324567448910512,290
bfi_binary_elaborated,risk,Study_Overseas,openai-gpt-3.5-turbo-0125,conscientiousness,-0.11160402560082723,0.05765998938406149,0.012455458530310493,0.009026484427985038,0.058557442757734154,-1.905889675929996,290
bfi_binary_elaborated,risk,Study_Overseas,openai-gpt-3.5-turbo-0125,extraversion,-0.2888962071824288,5.568415242300177e-07,0.08346101852439325,0.08027859150538064,0.056413003988553215,-5.1210924211915545,290
bfi_binary_elaborated,risk,Study_Overseas,openai-gpt-3.5-turbo-0125,agreeableness,-0.10971602348779255,0.06204640136067476,0.012037605809974039,0.008607180830147443,0.058569829945343696,-1.8732515288191474,290
bfi_binary_elaborated,risk,Study_Overseas,openai-gpt-3.5-turbo-0125,neuroticism,0.060533585922635504,0.30426036128517786,0.003664315024652587,0.00020481611848810477,0.05881750509979479,1.029176362035912,290
bfi_binary_simple,moral,ethic_sum,gpt-4,openness,-0.024913479184010164,0.6726641136116944,0.000620681445051674,-0.002849385633264312,0.058907275257949164,-0.4229270336289786,290
bfi_binary_simple,moral,ethic_sum,gpt-4,conscientiousness,0.23790582767348928,4.2618025686764596e-05,0.05659918284100807,0.05332348555920596,0.057233707566451235,4.1567432512959,290
bfi_binary_simple,moral,ethic_sum,gpt-4,extraversion,0.15093938877900254,0.010051059052403957,0.022782699084978653,0.019389583456801418,0.05825045603407027,2.591213855745939,290
bfi_binary_simple,moral,ethic_sum,gpt-4,agreeableness,0.06533945547055191,0.2673996612014478,0.004269244441188258,0.000811845984386772,0.058799646740447596,1.1112219051072232,290
bfi_binary_simple,moral,ethic_sum,gpt-4,neuroticism,-0.3057395452518762,1.0854506216603522e-07,0.09347666953082445,0.09032901907780644,0.05610392546888281,-5.449521449643483,290
bfi_binary_simple,moral,Confidential_Info,gpt-4,openness,-0.045753358837425095,0.4376349729328233,0.0020933698449061566,-0.0013715837320213975,0.05886385628658222,-0.7772742345433863,290
bfi_binary_simple,moral,Confidential_Info,gpt-4,conscientiousness,0.19487636583500922,0.0008489070239513265,0.03797679796106079,0.03463643962064766,0.05779583324438696,3.371806493575128,290
bfi_binary_simple,moral,Confidential_Info,gpt-4,extraversion,-0.03597608522113599,0.5417278463151132,0.00129427870783827,-0.0021734494910929936,0.058887419700060846,-0.6109298964766632,290
bfi_binary_simple,moral,Confidential_Info,gpt-4,agreeableness,-0.0024413145665905826,0.9669813213089287,5.960016813078006e-06,-0.003466241510906354,0.05892538949993796,-0.041430605504833413,290
bfi_binary_simple,moral,Confidential_Info,gpt-4,neuroticism,-0.13860969918760135,0.018193588406655532,0.019212648708877733,0.015807137072450184,0.05835676170271525,-2.375212317189836,290
bfi_binary_simple,moral,Underage_Drinking,gpt-4,openness,-0.02523766407456728,0.6686555455180982,0.000636939687940874,-0.0028330709381427788,0.05890679609419898,-0.42843382678985376,290
bfi_binary_simple,moral,Underage_Drinking,gpt-4,conscientiousness,0.15398243481971075,0.008624663824373005,0.023710590233006257,0.020320696449092956,0.05822279436709625,2.644710486563861,290
bfi_binary_simple,moral,Underage_Drinking,gpt-4,extraversion,-0.03768702444694725,0.5226653743368685,0.0014203118116650204,-0.0020469787723222943,0.05888370389154601,-0.6400246919990034,290
bfi_binary_simple,moral,Underage_Drinking,gpt-4,agreeableness,-0.040961921097364525,0.48715847377785637,0.0016778789799871685,-0.0017885172735545574,0.058876109361452475,-0.6957307733412021,290
bfi_binary_simple,moral,Underage_Drinking,gpt-4,neuroticism,-0.09040953382300493,0.12450972989122384,0.008173883806093074,0.004730043124864136,0.058684245596487224,-1.5406099695761744,290
bfi_binary_simple,moral,Exam_Cheating,gpt-4,openness,-0.08856052882764079,0.13243320312958562,0.007842967266230794,0.0043979775692384315,0.05869403459460126,-1.5088505917053907,290
bfi_binary_simple,moral,Exam_Cheating,gpt-4,conscientiousness,0.1366633359471517,0.019902808214702163,0.01867686739220409,0.01526949540398248,0.058372698997232554,2.341220095949836,290
bfi_binary_simple,moral,Exam_Cheating,gpt-4,extraversion,-0.012849197444489844,0.827524244015425,0.00016510187496732165,-0.003306547076855848,0.058920700537442916,-0.218076114630111,290
bfi_binary_simple,moral,Exam_Cheating,gpt-4,agreeableness,0.056381572879706306,0.33868937261622334,0.003178881760390051,-0.00028230267794193686,0.05883183184579568,0.9583514759065849,290
bfi_binary_simple,moral,Exam_Cheating,gpt-4,neuroticism,-0.18410972782125234,0.001640021014453996,0.03389639187841531,0.030541865461326423,0.05791827360245487,-3.1787848008896598,290
bfi_binary_simple,moral,Honest_Feedback,gpt-4,openness,-0.01555180739411045,0.7920034862732594,0.00024185871322346397,-0.003229523721800076,0.05891843883729038,-0.26395484505382844,290
bfi_binary_simple,moral,Honest_Feedback,gpt-4,conscientiousness,0.26451740905184046,4.954273851414064e-06,0.06996945969149804,0.06674018698209339,0.056826690114808925,4.654809360133887,290
bfi_binary_simple,moral,Honest_Feedback,gpt-4,extraversion,0.2280055349430801,8.93786986681353e-05,0.051986523964680176,0.04869481050622415,0.05737345604420191,3.974059620313252,290
bfi_binary_simple,moral,Honest_Feedback,gpt-4,agreeableness,0.11713359995253647,0.04626540329002545,0.01372028023784111,0.010295697877555687,0.05851993130793367,2.0016018018916646,290
bfi_binary_simple,moral,Honest_Feedback,gpt-4,neuroticism,-0.33894443255585044,3.1546568052535376e-09,0.11488332836060755,0.1118100065840818,0.05543754843538498,-6.113986677295188,290
bfi_binary_simple,moral,Workplace_Theft,gpt-4,openness,0.024098608639725863,0.682780781457406,0.0005807429383698492,-0.002889462815316435,0.05890845231107513,0.4090857541540806,290
bfi_binary_simple,moral,Workplace_Theft,gpt-4,conscientiousness,0.17183197671826458,0.003330975390564211,0.029526228222906514,0.026156527626458148,0.058049122271126914,2.9601132626208924,290
bfi_binary_simple,moral,Workplace_Theft,gpt-4,extraversion,0.19129125326156146,0.0010611650598937028,0.03659234357437857,0.033247178100678454,0.0578374054890092,3.3073968592507557,290
bfi_binary_simple,moral,Workplace_Theft,gpt-4,agreeableness,0.03325125664950461,0.5727821076199491,0.0011056460687711711,-0.0023627371046013312,0.05889298067997852,0.5646047502704993,290
bfi_binary_simple,moral,Workplace_Theft,gpt-4,neuroticism,-0.2686613166468611,3.4675686201364135e-06,0.07217890306242458,0.06895730203139128,0.056759149315623425,-4.733356998585422,290
bfi_binary_simple,moral,ethic_sum,gpt-4o,openness,-0.11796628073026642,0.04472508442376313,0.013916043389331945,0.0104921407622115,0.05851412331326833,-2.0160309007572033,290
bfi_binary_simple,moral,ethic_sum,gpt-4o,conscientiousness,0.35470537512030875,5.046238375879244e-10,0.12581590313923852,0.12278054169180519,0.055094114453661934,6.438171819943511,290
bfi_binary_simple,moral,ethic_sum,gpt-4o,extraversion,-0.0631987458360764,0.2834235514652858,0.003994081475253042,0.0005357275914864568,0.05880777060700804,-1.0746665820476637,290
bfi_binary_simple,moral,ethic_sum,gpt-4o,agreeableness,0.030295028349127374,0.6073949458569574,0.0009177887426742304,-0.0025512467130803795,0.05889851828148653,0.514359770552156,290
bfi_binary_simple,moral,ethic_sum,gpt-4o,neuroticism,-0.24983434043032102,1.6728305048857197e-05,0.06241719765825393,0.05916170181678948,0.0570569526128445,-4.37868356071437,290
bfi_binary_simple,moral,Confidential_Info,gpt-4o,openness,-0.09816089938341468,0.09523002459882451,0.00963556216776107,0.006196796758621281,0.058640987450244354,-1.6739298509715947,290
bfi_binary_simple,moral,Confidential_Info,gpt-4o,conscientiousness,0.23952678160220017,3.7636163569463926e-05,0.0573730791047079,0.054100068962710246,0.05721022759959572,4.186782532637447,290
bfi_binary_simple,moral,Confidential_Info,gpt-4o,extraversion,-0.23126067157849306,7.030885691372209e-05,0.05348149821893555,0.05019497564330677,0.057328200526692734,-4.033977509390255,290
bfi_binary_simple,moral,Confidential_Info,gpt-4o,agreeableness,-0.08785046788857365,0.13557722604711064,0.007717704708241624,0.004272280071811796,0.058697739619424164,-1.4966584481475043,290
bfi_binary_simple,moral,Confidential_Info,gpt-4o,neuroticism,-0.012812102409061926,0.8280144180825798,0.00016414996814018146,-0.0033075022889150762,0.05892072858557551,-0.21744643551808487,290
bfi_binary_simple,moral,Underage_Drinking,gpt-4o,openness,-0.0663405881549537,0.2601226784497925,0.00440107363674469,0.0009441329202055648,0.05879575423905265,-1.1283227677499492,290
bfi_binary_simple,moral,Underage_Drinking,gpt-4o,conscientiousness,0.3268553662855278,1.2022231653645848e-08,0.10683443046964647,0.10373316113099929,0.05568904145922303,5.869294168492015,290
bfi_binary_simple,moral,Underage_Drinking,gpt-4o,extraversion,-0.007205118155253049,0.9027640676609867,5.191372763069246e-05,-0.0034201282385928344,0.05892403555615909,-0.12227808376067562,290
bfi_binary_simple,moral,Underage_Drinking,gpt-4o,agreeableness,0.017776605263144916,0.7630781891720444,0.0003160076946816526,-0.0031551172786008497,0.05891625389722563,0.30172667281519094,290
bfi_binary_simple,moral,Underage_Drinking,gpt-4o,neuroticism,-0.023046985863255647,0.6959207725910843,0.0005311635573804763,-0.002939214346934227,0.058909913463818936,-0.39122423558490804,290
bfi_binary_simple,moral,Exam_Cheating,gpt-4o,openness,-0.09667879942369738,0.10035786929473371,0.009346790258007887,0.0059070221686258195,0.05864953613952897,-1.6484154144662915,290
bfi_binary_simple,moral,Exam_Cheating,gpt-4o,conscientiousness,0.28188174420559176,1.0671623101100681e-06,0.07945731771638642,0.07626098895845712,0.05653608368050634,4.985873195578007,290
bfi_binary_simple,moral,Exam_Cheating,gpt-4o,extraversion,-0.01759313795482664,0.7654517013013568,0.0003095185030977943,-0.0031616290020999305,0.05891644511677172,-0.2986116680997511,290
bfi_binary_simple,moral,Exam_Cheating,gpt-4o,agreeableness,0.130091233211243,0.026744436698528818,0.0169237289584222,0.013510269683972176,0.05842481728212698,2.2266433899664047,290
bfi_binary_simple,moral,Exam_Cheating,gpt-4o,neuroticism,-0.3001888775297938,1.8821163134236733e-07,0.0901133621925978,0.08695403358909981,0.05620790516909442,-5.340687873471058,290
bfi_binary_simple,moral,Honest_Feedback,gpt-4o,openness,-0.027096114066181266,0.6458595711300765,0.0007341993974877559,-0.0027354735212710146,0.05890392956975554,-0.46000520277842166,290
bfi_binary_simple,moral,Honest_Feedback,gpt-4o,conscientiousness,0.2526335875917563,1.3339928932707896e-05,0.06382372957948146,0.06057311752941008,0.05701413903648153,4.431069062186559,290
bfi_binary_simple,moral,Honest_Feedback,gpt-4o,extraversion,0.04877038755928908,0.407990386097537,0.0023785507026834463,-0.0010854126629322725,0.0588554446556619,0.8286469984998637,290
bfi_binary_simple,moral,Honest_Feedback,gpt-4o,agreeableness,-0.00035705283156545295,0.995169532585426,1.274867245104616e-07,-0.0034720942928356813,0.05892556134276521,-0.006059387868848726,290
bfi_binary_simple,moral,Honest_Feedback,gpt-4o,neuroticism,-0.1937539673781774,0.0009107238244281558,0.0375405998747842,0.03419872695768267,0.0578089345785012,-3.351626678313379,290
bfi_binary_simple,moral,Workplace_Theft,gpt-4o,openness,-0.0952535610800449,0.1054931709053377,0.009073240898429313,0.005632522984882149,0.05865763303737304,-1.6238902960737467,290
bfi_binary_simple,moral,Workplace_Theft,gpt-4o,conscientiousness,0.11351855656013268,0.05347703255093973,0.012886462683495803,0.009458985123368957,0.058544662951688024,1.9390077734978162,290
bfi_binary_simple,moral,Workplace_Theft,gpt-4o,extraversion,-0.0030996230106560205,0.9580850131001919,9.607662809107964e-06,-0.0034625811994728473,0.058925282029718876,-0.052602599493588004,290
bfi_binary_simple,moral,Workplace_Theft,gpt-4o,agreeableness,0.019544595504978734,0.7403222344660811,0.00038199121345339204,-0.003088904650388802,0.05891430949983354,0.33174615252061906,290
bfi_binary_simple,moral,Workplace_Theft,gpt-4o,neuroticism,-0.15192010623281743,0.009570061788143158,0.023079718677790684,0.01968763436764398,0.05824160291532631,-2.6084465163790944,290
bfi_binary_simple,moral,ethic_sum,llama,openness,-0.13760257734672748,0.019061334500322744,0.01893446929246212,0.015527991755283077,0.0583650369414682,-2.3576199820574644,290
bfi_binary_simple,moral,ethic_sum,llama,conscientiousness,0.10784111252039132,0.06667061326586012,0.011629705549635494,0.008197864249460562,0.05858191956717428,1.8408600011259937,290
bfi_binary_simple,moral,ethic_sum,llama,extraversion,-0.03050696632289434,0.6048828079365076,0.0009306749942266102,-0.0025383157175991045,0.05889813844108825,-0.5179614692475952,290
bfi_binary_simple,moral,ethic_sum,llama,agreeableness,0.07766903519848238,0.18719025394752845,0.006032479028662663,0.0025812029141787374,0.05874756262589802,1.3220809805008507,290
bfi_binary_simple,moral,ethic_sum,llama,neuroticism,-0.22898555665368922,8.317870518390398e-05,0.05243438515599985,0.04914422677112473,0.05735990223906406,-3.9920841513872425,290
bfi_binary_simple,moral,Confidential_Info,llama,openness,-0.05475533858652305,0.3528269731989402,0.002998147103724702,-0.0004636648854985381,0.058837165033872714,-0.9306250318994849,290
bfi_binary_simple,moral,Confidential_Info,llama,conscientiousness,-0.048037963192641614,0.415075433124825,0.0023076459076973865,-0.0011565636551231773,0.058857536159955724,-0.8161735323424002,290
bfi_binary_simple,moral,Confidential_Info,llama,extraversion,-0.01740157460033581,0.7679322915109362,0.00030281479857174887,-0.003168355983377724,0.05891664265680284,-0.29535923663712915,290
bfi_binary_simple,moral,Confidential_Info,llama,agreeableness,-0.06911748962322714,0.24065602260898394,0.004777227371817516,0.0013215927446362796,0.058784646185727686,-1.1757745280094611,290
bfi_binary_simple,moral,Confidential_Info,llama,neuroticism,-0.08081132329187343,0.16991737733995613,0.006530469972183317,0.0030809229929199544,0.058732844127142664,-1.3759136730538044,290
bfi_binary_simple,moral,Underage_Drinking,llama,openness,-0.11583429586105491,0.048757509447733494,0.013417584097626944,0.009991950709076991,0.05852891070701644,-1.9790953643558704,290
bfi_binary_simple,moral,Underage_Drinking,llama,conscientiousness,-0.07716778850012707,0.19006079623309705,0.005954867582000256,0.0025033219833265896,0.05874985615874827,-1.3134974882595731,290
bfi_binary_simple,moral,Underage_Drinking,llama,extraversion,-0.0365759295623354,0.5350055590363796,0.0013377986233492623,-0.0021297784647642537,0.0588861366376957,-0.6211297200115771,290
bfi_binary_simple,moral,Underage_Drinking,llama,agreeableness,-0.058359264345938314,0.3219910760986929,0.003405803734998991,-5.4592779810125336e-05,0.05882513505984523,-0.9920804140367385,290
bfi_binary_simple,moral,Underage_Drinking,llama,neuroticism,-0.09877538829808956,0.09316617198449056,0.00975657733343871,0.006318232115846367,0.0586374045946119,-1.6845116011012171,290
bfi_binary_simple,moral,Exam_Cheating,llama,openness,-0.09708203888906355,0.09894151036909629,0.009424922274857805,0.005985425477200934,0.05864722327320143,-1.6553561016319203,290
bfi_binary_simple,moral,Exam_Cheating,llama,conscientiousness,0.05933162450673079,0.313980570344816,0.003520241666607582,6.024250572767009e-05,0.05882175754667516,1.0086679994158803,290
bfi_binary_simple,moral,Exam_Cheating,llama,extraversion,-0.09131838122845752,0.120752392934474,0.008339046750185486,0.0048957795514013025,0.058679359222677904,-1.5562266261620246,290
bfi_binary_simple,moral,Exam_Cheating,llama,agreeableness,-0.004523261573653207,0.93886532156169,2.045989526400227e-05,-0.003451691285655256,0.05892496229035044,-0.07676307964975884,290
bfi_binary_simple,moral,Exam_Cheating,llama,neuroticism,-0.17493108995145729,0.0027972242490120576,0.030600886231605617,0.027234917086576327,0.05801697290473825,-3.0151709265957005,290
bfi_binary_simple,moral,Honest_Feedback,llama,openness,0.0030178625140980914,0.9591896556231309,9.107494153615114e-06,-0.0034630831048250155,0.05892529676614816,0.05121505838273207,290
bfi_binary_simple,moral,Honest_Feedback,llama,conscientiousness,0.15785299928300658,0.007071954907524692,0.02491756938264089,0.021531866498552765,0.05818679303835239,2.7128664605894617,290
bfi_binary_simple,moral,Honest_Feedback,llama,extraversion,0.1275863110712605,0.02983924686771032,0.016278266772772443,0.012862566310177792,0.05844399423888256,2.1830525571159174,290
bfi_binary_simple,moral,Honest_Feedback,llama,agreeableness,0.16267118671984937,0.005490624828270877,0.026461914988844093,0.02308157441588854,0.058140696357675346,2.7978885171776002,290
bfi_binary_simple,moral,Honest_Feedback,llama,neuroticism,-0.17794734059444609,0.002353576642010639,0.03166525602463588,0.02830298260805464,0.057985113749833346,-3.0688452446979553,290
bfi_binary_simple,moral,Workplace_Theft,llama,openness,-0.16408408326356363,0.005091399967208979,0.026923586380443787,0.023544848833153553,0.058126908977599374,-2.8228592600166893,290
bfi_binary_simple,moral,Workplace_Theft,llama,conscientiousness,0.10271055111262256,0.08078240569740605,0.0105494573098589,0.0071138651477402615,0.05861392464353968,1.7523233896596468,290
bfi_binary_simple,moral,Workplace_Theft,llama,extraversion,-0.06299406184270202,0.2849888730989507,0.003968251827443092,0.0005098082573994356,0.058808533139703446,-1.07117213233419,290
bfi_binary_simple,moral,Workplace_Theft,llama,agreeableness,0.09234400065394802,0.11661896275039357,0.00852741445677696,0.00508480131252953,0.05867378583530556,1.57385447929256,290
bfi_binary_simple,moral,Workplace_Theft,llama,neuroticism,-0.1563074122014326,0.007659228754907094,0.02443200710910831,0.02104461824490378,0.058201278888049116,-2.685635353513311,290
bfi_binary_simple,moral,ethic_sum,deepseek,openness,-0.018768275432528313,0.7502878210664488,0.00035224816271128834,-0.0031187509756127607,0.05891518597377009,-0.3185643076962233,290
bfi_binary_simple,moral,ethic_sum,deepseek,conscientiousness,0.13222732428239004,0.024327215239271473,0.01748406528688029,0.014072551624681906,0.0584081643453921,2.2638500244670268,290
bfi_binary_simple,moral,ethic_sum,deepseek,extraversion,-0.0555985120487988,0.345451127677754,0.003091194542040654,-0.00037029436579949504,0.05883441941449013,-0.9449997569807859,290
bfi_binary_simple,moral,ethic_sum,deepseek,agreeableness,0.027422501840068256,0.6418892291680108,0.0007519936071687106,-0.0027176175261398594,0.058903405107925993,0.4655503665674891,290
bfi_binary_simple,moral,ethic_sum,deepseek,neuroticism,-0.03935626496422138,0.5044035530608779,0.0015489155919340414,-0.0019179284511496864,0.058879912050575856,-0.6684158245755475,290
bfi_binary_simple,moral,Confidential_Info,deepseek,openness,0.030659268623468093,0.6030804092969353,0.000939990752525488,-0.00252896761291721,0.05889786384447755,0.5205497554958065,290
bfi_binary_simple,moral,Confidential_Info,deepseek,conscientiousness,0.08920338751981491,0.12963546735579623,0.007957244345009662,0.004512651443429716,0.05869065429503941,1.51989083426106,290
bfi_binary_simple,moral,Confidential_Info,deepseek,extraversion,-0.06392473306935989,0.2779183399282519,0.004086371497988517,0.0006283380656897375,0.05880504597650313,-1.0870620370725064,290
bfi_binary_simple,moral,Confidential_Info,deepseek,agreeableness,0.04156246326261731,0.48079088163058514,0.0017274383524562564,-0.0017387858199311435,0.05887464795977386,0.7059483954963924,290
bfi_binary_simple,moral,Confidential_Info,deepseek,neuroticism,-0.021147529704433676,0.7198837264364626,0.0004472180125999481,-0.0030234513693008225,0.05891238733832367,-0.3589657567768738,290
bfi_binary_simple,moral,Underage_Drinking,deepseek,openness,-0.06869671905601114,0.24353819951936836,0.0047192392090613655,0.001263403234092686,0.05878635874902046,-1.1685826528106882,290
bfi_binary_simple,moral,Underage_Drinking,deepseek,conscientiousness,0.08755508221983169,0.13690190825714754,0.007665892422520804,0.004220287882321094,0.05869927205851519,1.491587189233815,290
bfi_binary_simple,moral,Underage_Drinking,deepseek,extraversion,-0.011380433444454543,0.8469816536043708,0.0001295142653834347,-0.0033422582545286073,0.05892174912468112,-0.19314486778681714,290
bfi_binary_simple,moral,Underage_Drinking,deepseek,agreeableness,0.04069042038961582,0.4900520175822063,0.0016557103114842597,-0.001810762916600872,0.058876763057127426,0.6911117098970673,290
bfi_binary_simple,moral,Underage_Drinking,deepseek,neuroticism,-0.0523564675487823,0.3743486264389839,0.0027411996941862915,-0.0007215044735422449,0.05884474630524382,-0.8897390308591859,290
bfi_binary_simple,moral,Exam_Cheating,deepseek,openness,-0.035885976813444694,0.5427412768204305,0.0012878033318557414,-0.002179947351019784,0.0588876106059288,-0.6093977399353285,290
bfi_binary_simple,moral,Exam_Cheating,deepseek,conscientiousness,0.16690127077930408,0.004372368731773434,0.027856034187746292,0.024480534306453694,0.058099052326974744,2.872702119821216,290
bfi_binary_simple,moral,Exam_Cheating,deepseek,extraversion,-0.06562349626414282,0.2653210363988534,0.004306443261929971,0.0008491739677004562,0.058798548402400265,-1.1160734073745253,290
bfi_binary_simple,moral,Exam_Cheating,deepseek,agreeableness,0.02621647980474954,0.656609707769988,0.0006873038133523579,-0.002782531937295829,0.058905311735429115,0.44506138805443934,290
bfi_binary_simple,moral,Exam_Cheating,deepseek,neuroticism,-0.13831869543205227,0.0184407136466863,0.019132061506024534,0.015726270052920377,0.05835915911923396,-2.3701283143825376,290
bfi_binary_simple,moral,Honest_Feedback,deepseek,openness,-0.003933369540901973,0.946825443221267,1.5471395945154676e-05,-0.0034566971061522622,0.058925109266741375,-0.06675201098221897,290
bfi_binary_simple,moral,Honest_Feedback,deepseek,conscientiousness,0.05978405551424468,0.31029819280965565,0.0035741332937303527,0.00011432125655574943,0.05882016692576238,1.0163870427246293,290
bfi_binary_simple,moral,Honest_Feedback,deepseek,extraversion,0.05599368411937861,0.34202817354296833,0.003135292661260669,-0.0003260431281100207,0.058833118134012076,0.9517374889400608,290
bfi_binary_simple,moral,Honest_Feedback,deepseek,agreeableness,0.00012569496312990963,0.9982994991152359,1.579922348504681e-08,-0.0034722063681404958,0.05892556463338988,0.002133114275814426,290
bfi_binary_simple,moral,Honest_Feedback,deepseek,neuroticism,0.051320542461524433,0.3838869852244141,0.0026337980785450243,-0.0008292790114601267,0.05884791491637608,0.872087694771375,290
bfi_binary_simple,moral,Workplace_Theft,deepseek,openness,-0.04840922801302903,0.4114750341561699,0.0023434533568175153,-0.001120631874582445,0.05885647994401243,-0.8224961475623176,290
bfi_binary_simple,moral,Workplace_Theft,deepseek,conscientiousness,0.029503370128738934,0.6168192884615323,0.0008704488489529316,-0.002598750981432696,0.05889991367044253,0.5009068484177502,290
bfi_binary_simple,moral,Workplace_Theft,deepseek,extraversion,-0.05191359840357729,0.37840840065089465,0.002695021699207878,-0.0007678428087811717,0.0588461086902852,-0.8821925452506193,290
bfi_binary_simple,moral,Workplace_Theft,deepseek,agreeableness,-0.03247910564923129,0.5817325243943743,0.001054892303774091,-0.0024136670979491015,0.05889447683546402,-0.5514796530066739,290
bfi_binary_simple,moral,Workplace_Theft,deepseek,neuroticism,0.020528396098547782,0.7277554386002245,0.0004214150463789368,-0.0030493439291545688,0.05891314773065002,0.348451863281916,290
bfi_binary_simple,moral,ethic_sum,openai-gpt-3.5-turbo-0125,openness,-0.02881172900341228,0.6251047592260544,0.0008301157281666027,-0.002639224147777286,0.058901102501938474,-0.4891543244451845,290
bfi_binary_simple,moral,ethic_sum,openai-gpt-3.5-turbo-0125,conscientiousness,0.10028171742740263,0.08825783307062057,0.010056422850189262,0.006619118762863474,0.05862852622508717,1.7104594620441276,290
bfi_binary_simple,moral,ethic_sum,openai-gpt-3.5-turbo-0125,extraversion,0.14927506312453337,0.010916489181179545,0.022283044470833402,0.018888193930801433,0.05826534596165911,2.5619870724317373,290
bfi_binary_simple,moral,ethic_sum,openai-gpt-3.5-turbo-0125,agreeableness,0.10046136559550851,0.0876865584207181,0.010092485977315047,0.006655307109180608,0.058627458312076976,1.713554851052002,290
bfi_binary_simple,moral,ethic_sum,openai-gpt-3.5-turbo-0125,neuroticism,-0.10804881361187506,0.06614483171140793,0.01167454612293406,0.008242860519194095,0.058580590674213916,-1.8444473223694573,290
bfi_binary_simple,moral,Confidential_Info,openai-gpt-3.5-turbo-0125,openness,0.03743793657906001,0.5254191252317766,0.0014015990952974677,-0.0020657564633994596,0.058884255609601456,0.6357885684633757,290
bfi_binary_simple,moral,Confidential_Info,openai-gpt-3.5-turbo-0125,conscientiousness,0.08298638529943311,0.15867671814363127,0.0068867401450657395,0.003438430215013777,0.05872231202917557,1.413200237385105,290
bfi_binary_simple,moral,Confidential_Info,openai-gpt-3.5-turbo-0125,extraversion,0.22646825113054916,9.99857277670486e-05,0.051287868770129585,0.04799372942558133,0.05739459333899107,3.9458115818149326,290
bfi_binary_simple,moral,Confidential_Info,openai-gpt-3.5-turbo-0125,agreeableness,0.1607276278825527,0.006085692484992427,0.025833370364752972,0.022450847345186098,0.058159461995163184,2.763567996827749,290
bfi_binary_simple,moral,Confidential_Info,openai-gpt-3.5-turbo-0125,neuroticism,-0.07877713364243383,0.18095765354012094,0.00620583678491804,0.0027551626070877466,0.05874243932481977,-1.341059965297509,290
bfi_binary_simple,moral,Underage_Drinking,openai-gpt-3.5-turbo-0125,openness,-0.15461499579985988,0.00835182368639932,0.02390579692619077,0.020516580943295448,0.058216973323036714,-2.6558405044852793,290
bfi_binary_simple,moral,Underage_Drinking,openai-gpt-3.5-turbo-0125,conscientiousness,0.018078888653591217,0.7591723941798011,0.00032684621494882826,-0.0031442411245827806,0.05891593451292638,0.3068590662789986,290
bfi_binary_simple,moral,Underage_Drinking,openai-gpt-3.5-turbo-0125,extraversion,-0.10920744456137454,0.0632738507626514,0.011926265947625692,0.008495454371054811,0.05857313015855258,-1.8644631807410512,290
bfi_binary_simple,moral,Underage_Drinking,openai-gpt-3.5-turbo-0125,agreeableness,-0.046838539807950386,0.42683288811291586,0.0021938488113407706,-0.0012707558802866892,0.0588608927185724,-0.7957497354295376,290
bfi_binary_simple,moral,Underage_Drinking,openai-gpt-3.5-turbo-0125,neuroticism,-0.1115999351700038,0.05766920796664247,0.012454545529949068,0.009025568257483463,0.058557469826363236,-1.9058189416469673,290
bfi_binary_simple,moral,Exam_Cheating,openai-gpt-3.5-turbo-0125,openness,0.05009174696344984,0.39539113446441865,0.0025091831138505105,-0.000954326667004235,0.05885159114972749,0.8511536559140558,290
bfi_binary_simple,moral,Exam_Cheating,openai-gpt-3.5-turbo-0125,conscientiousness,0.10086245315373087,0.08642182093904589,0.01017323445618834,0.006736335964716678,0.058625067091403575,1.7204663151425328,290
bfi_binary_simple,moral,Exam_Cheating,openai-gpt-3.5-turbo-0125,extraversion,-0.0029389727703463845,0.9602555861533907,8.637560945157219e-06,-0.0034635546697461272,0.058925310611749514,-0.04987623722021353,290
bfi_binary_simple,moral,Exam_Cheating,openai-gpt-3.5-turbo-0125,agreeableness,0.018847772641481835,0.7492653795829777,0.00035523853354457735,-0.0031157502215473087,0.05891509785353717,0.3199141362429265,290
bfi_binary_simple,moral,Exam_Cheating,openai-gpt-3.5-turbo-0125,neuroticism,-0.0066399850431829366,0.9103573968995359,4.4089401373570425e-05,-0.003427979732649522,0.05892426608811512,-0.11268676699771751,290
bfi_binary_simple,moral,Honest_Feedback,openai-gpt-3.5-turbo-0125,openness,0.07492039569106633,0.2033281209625231,0.005613065690506236,0.0021603332797093255,0.058759955844068255,1.2750247105338737,290
bfi_binary_simple,moral,Honest_Feedback,openai-gpt-3.5-turbo-0125,conscientiousness,0.03195573688807505,0.5878359114422035,0.001021169120060339,-0.002447507376050595,0.05889547093037718,0.5425839437781433,290
bfi_binary_simple,moral,Honest_Feedback,openai-gpt-3.5-turbo-0125,extraversion,0.30901664405891033,7.80073479587245e-08,0.09549128630543113,0.0923506310495471,0.056041549370836614,5.5140631821953,290
bfi_binary_simple,moral,Honest_Feedback,openai-gpt-3.5-turbo-0125,agreeableness,0.03573402699188409,0.5444523505832921,0.0012769206850565817,-0.002190867784787054,0.0588879314447668,0.6068140978156173,290
bfi_binary_simple,moral,Honest_Feedback,openai-gpt-3.5-turbo-0125,neuroticism,-0.048054329439578464,0.414916329688924,0.002309218577887573,-0.0011549855242727336,0.058857489771142114,-0.8164522412768536,290
bfi_binary_simple,moral,Workplace_Theft,openai-gpt-3.5-turbo-0125,openness,-0.09981195769606475,0.08976576698340603,0.009962426899121413,0.006524796436965463,0.05863130957223986,-1.7023661662048681,290
bfi_binary_simple,moral,Workplace_Theft,openai-gpt-3.5-turbo-0125,conscientiousness,0.02543221973115641,0.6662543467167146,0.0006467978004540686,-0.0028231785960721734,0.05890650555351423,0.43173872719460915,290
bfi_binary_simple,moral,Workplace_Theft,openai-gpt-3.5-turbo-0125,extraversion,-0.04656258247362341,0.42956505800898637,0.0021680740866127923,-0.0012966201005866207,0.05886165294314506,-0.7910512217283224,290
bfi_binary_simple,moral,Workplace_Theft,openai-gpt-3.5-turbo-0125,agreeableness,0.09935798030647476,0.09124257631093713,0.00987200825058221,0.006434063834785508,0.05863398686595164,1.6945458703605787,290
bfi_binary_simple,moral,Workplace_Theft,openai-gpt-3.5-turbo-0125,neuroticism,-0.02657287867484536,0.6522454198785594,0.0007061178810680024,-0.0027636525429561853,0.058904757227443476,-0.45111600362330617,290
bfi_binary_simple,risk,risk_sum,gpt-4,openness,-0.31995788904847405,2.513704486188967e-08,0.10237305076435554,0.0992562905239539,0.055827952142287474,-5.73114142236499,290
bfi_binary_simple,risk,risk_sum,gpt-4,conscientiousness,-0.1461520286301244,0.012719679942715433,0.021360415472701066,0.017962361359758927,0.058292830716495596,-2.5072041764608723,290
bfi_binary_simple,risk,risk_sum,gpt-4,extraversion,-0.4885349508299808,8.416229166590569e-19,0.23866639818245172,0.23602287873169625,0.05141516751655463,-9.501767171577969,290
bfi_binary_simple,risk,risk_sum,gpt-4,agreeableness,-0.2018199128868029,0.0005448632435359268,0.040731277237636365,0.03740048306137811,0.05771303298439797,-3.496955582656044,290
bfi_binary_simple,risk,risk_sum,gpt-4,neuroticism,0.3559032965849821,4.371674018635316e-10,0.1266671565200581,0.12363475081353048,0.05506728344968148,6.463062535310895,290
bfi_binary_simple,risk,Investment,gpt-4,openness,-0.3130157572847531,5.184029041211234e-08,0.09797886430854774,0.09484684647628572,0.055964433636569444,-5.593119360725843,290
bfi_binary_simple,risk,Investment,gpt-4,conscientiousness,-0.09995570523991613,0.08930216061226286,0.009991143010009362,0.006553612256571806,0.05863045926340225,-1.704842610747031,290
bfi_binary_simple,risk,Investment,gpt-4,extraversion,-0.49297747850095763,3.6482650894653036e-19,0.2430267943091622,0.24039841512273563,0.051267720706371554,-9.615747915231394,290
bfi_binary_simple,risk,Investment,gpt-4,agreeableness,-0.17838375544273546,0.0022949854964277577,0.03182076420585356,0.02845903074823486,0.05798045754923434,-3.076618622598143,290
bfi_binary_simple,risk,Investment,gpt-4,neuroticism,0.2909006542947584,4.608818688212829e-07,0.08462319066911905,0.08144479897005341,0.05637722677700231,5.159896485249326,290
bfi_binary_simple,risk,Extreme_Sports,gpt-4,openness,-0.18875909411399067,0.001239418890422653,0.03562999561073399,0.03228148865104896,0.05786628517267156,-3.2619874172108716,290
bfi_binary_simple,risk,Extreme_Sports,gpt-4,conscientiousness,-0.07971666163133985,0.17579438568594752,0.006354746141645662,0.0029045890101929706,0.05873803819887605,-1.3571556707671117,290
bfi_binary_simple,risk,Extreme_Sports,gpt-4,extraversion,-0.28975433581551674,5.13621302000065e-07,0.08395757512389146,0.08077687225973817,0.056397720380819936,-5.1376958830778925,290
bfi_binary_simple,risk,Extreme_Sports,gpt-4,agreeableness,-0.10255975194735904,0.08123113591138714,0.010518502719503275,0.007082803076168154,0.05861484149372972,-1.7497232669021259,290
bfi_binary_simple,risk,Extreme_Sports,gpt-4,neuroticism,0.2800676331263763,1.2590604311888266e-06,0.07843787912501077,0.07523801064975033,0.05656737995753707,4.951044813046178,290
bfi_binary_simple,risk,Entrepreneurial_Venture,gpt-4,openness,-0.3136578521746222,4.8520788780567457e-08,0.09838124823079752,0.09525062756493219,0.05595194961630277,-5.605843126567863,290
bfi_binary_simple,risk,Entrepreneurial_Venture,gpt-4,conscientiousness,-0.16520375185013494,0.004793780316214987,0.027292279625361293,0.023914822262949276,0.05811589595293134,-2.842660327975244,290
bfi_binary_simple,risk,Entrepreneurial_Venture,gpt-4,extraversion,-0.48777673271954297,9.695074643987914e-19,0.2379261409825525,0.2352800511942974,0.05144015735060521,-9.482411365792684,290
bfi_binary_simple,risk,Entrepreneurial_Venture,gpt-4,agreeableness,-0.226960050515789,9.647014027331754e-05,0.051510864530129985,0.04821749947641507,0.05738784761353946,-3.954845144989242,290
bfi_binary_simple,risk,Entrepreneurial_Venture,gpt-4,neuroticism,0.32120960628127815,2.2018017093877202e-08,0.10317561116737428,0.10006163759503872,0.05580298891937145,5.756136230361909,290
bfi_binary_simple,risk,Confessing_Feelings,gpt-4,openness,-0.23966009606162805,3.725189846650408e-05,0.05743696164426859,0.05416417331664447,0.05720828897654662,-4.189254745232465,290
bfi_binary_simple,risk,Confessing_Feelings,gpt-4,conscientiousness,-0.15490020168280672,0.008231339173932175,0.023994072481373308,0.02060516301082238,0.058214340763688026,-2.6608598439961684,290
bfi_binary_simple,risk,Confessing_Feelings,gpt-4,extraversion,-0.423351341010708,4.861020222476104e-14,0.17922635793556485,0.17637644945617437,0.05338453408423078,-7.930224516762458,290
bfi_binary_simple,risk,Confessing_Feelings,gpt-4,agreeableness,-0.16644747685788977,0.004481621992929632,0.027704762552357876,0.024328737422331215,0.05810357243772999,-2.864668554352191,290
bfi_binary_simple,risk,Confessing_Feelings,gpt-4,neuroticism,0.3570161428412183,3.824018175178715e-10,0.12746052624922155,0.1244308752986979,0.055042265128930914,6.486218218035618,290
bfi_binary_simple,risk,Study_Overseas,gpt-4,openness,-0.30608605858347165,1.048388249257913e-07,0.09368867525916436,0.0905417609371475,0.05609736466195883,-5.4563357909580565,290
bfi_binary_simple,risk,Study_Overseas,gpt-4,conscientiousness,-0.13733477938079897,0.01929804430753955,0.018860841627573066,0.015454108438779812,0.05836722700962544,-2.35294336251662,290
bfi_binary_simple,risk,Study_Overseas,gpt-4,extraversion,-0.39910238516102253,1.6323130661825642e-12,0.15928271384121706,0.15636355659761014,0.05402922582831334,-7.386787040577544,290
bfi_binary_simple,risk,Study_Overseas,gpt-4,agreeableness,-0.1902381512306513,0.001132220582279681,0.03619055418365691,0.032843993607905575,0.05784946478361914,-3.288503220249668,290
bfi_binary_simple,risk,Study_Overseas,gpt-4,neuroticism,0.28448577003859554,8.399470408557771e-07,0.0809321533544527,0.0777409455536,0.05649077624579592,5.035968505739327,290
bfi_binary_simple,risk,risk_sum,gpt-4o,openness,-0.40528959210606125,6.840143153329274e-13,0.1642596534694971,0.1613577772662661,0.053869065364371325,-7.5236054192638235,290
bfi_binary_simple,risk,risk_sum,gpt-4o,conscientiousness,-0.0853757393529559,0.14698425930736603,0.007289016870063891,0.003842103734195912,0.05871041760938033,-1.4541838199991814,290
bfi_binary_simple,risk,risk_sum,gpt-4o,extraversion,-0.5162028636522795,3.763430935505941e-21,0.266465396442814,0.2639184012915736,0.0504677634856175,-10.228368130467858,290
bfi_binary_simple,risk,risk_sum,gpt-4o,agreeableness,-0.17435861643926487,0.0028895479231561875,0.030400927126614796,0.027034263679137638,0.05802295621111555,-3.004993675345737,290
bfi_binary_simple,risk,risk_sum,gpt-4o,neuroticism,0.21214339163124982,0.0002741561606412366,0.045004818612809694,0.0416888631218818,0.05758433372826094,3.68404699500995,290
bfi_binary_simple,risk,Investment,gpt-4o,openness,-0.39910572848661535,1.6315539886238722e-12,0.15928538251083235,0.15636623453343934,0.05402914007637859,-7.38686064450438,290
bfi_binary_simple,risk,Investment,gpt-4o,conscientiousness,-0.07486283453810919,0.20367652374946524,0.0056044439950804215,0.002151681647840964,0.05876021057858203,-1.2740395890513798,290
bfi_binary_simple,risk,Investment,gpt-4o,extraversion,-0.4734848073430729,1.3075837740240526e-17,0.2241878627847067,0.22149407064159798,0.051901754720901805,-9.122712900348082,290
bfi_binary_simple,risk,Investment,gpt-4o,agreeableness,-0.17412267437340376,0.002928397335998296,0.03031870573094586,0.026951756792511494,0.058025416314182655,-3.000800087854681,290
bfi_binary_simple,risk,Investment,gpt-4o,neuroticism,0.21682601337730326,0.00019857137035603347,0.047013520077094806,0.04370453924402906,0.05752374147311375,3.769330850613158,290
bfi_binary_simple,risk,Extreme_Sports,gpt-4o,openness,-0.309296675722765,7.582180016581465e-08,0.09566443361315324,0.09252437956319881,0.05603618518381071,-5.519588364343602,290
bfi_binary_simple,risk,Extreme_Sports,gpt-4o,conscientiousness,0.012661925155894191,0.8299995405190163,0.00016032434865353995,-0.0033113411918026525,0.058920841308114966,0.21489722269376876,290
bfi_binary_simple,risk,Extreme_Sports,gpt-4o,extraversion,-0.4302958506954148,1.6849152979123345e-14,0.1851545191256906,0.1823251945393214,0.053191395792638575,-8.089576223434348,290
bfi_binary_simple,risk,Extreme_Sports,gpt-4o,agreeableness,-0.13723126196376728,0.019390227090863275,0.018832419260168654,0.015425587382599693,0.058368072416080864,-2.351135754244284,290
bfi_binary_simple,risk,Extreme_Sports,gpt-4o,neuroticism,0.09608460267333073,0.10247420430689004,0.0092322508708923,0.005792085075305042,0.05865292657308045,1.6381894014037153,290
bfi_binary_simple,risk,Entrepreneurial_Venture,gpt-4o,openness,-0.3577074500417975,3.5180089312188163e-10,0.12795461981540512,0.12492668446754185,0.055026678510184265,-6.500618604039374,290
bfi_binary_simple,risk,Entrepreneurial_Venture,gpt-4o,conscientiousness,-0.08853460832499949,0.13254697785147165,0.007838376871260544,0.004393371235396737,0.05869417037375757,-1.5084054815192296,290
bfi_binary_simple,risk,Entrepreneurial_Venture,gpt-4o,extraversion,-0.5153211568483497,4.506098291800252e-21,0.265555894695521,0.26300574155210255,0.05049904101483837,-10.2045731263873,290
bfi_binary_simple,risk,Entrepreneurial_Venture,gpt-4o,agreeableness,-0.17274485737911807,0.0031648871284422142,0.029840785750931742,0.02647217736812235,0.058039713841552196,-2.9763216588336343,290
bfi_binary_simple,risk,Entrepreneurial_Venture,gpt-4o,neuroticism,0.2446998818541856,2.5164450419315264e-05,0.05987803217945242,0.05661371979118657,0.05713416130710048,4.282899691813188,290
bfi_binary_simple,risk,Confessing_Feelings,gpt-4o,openness,-0.294312931769349,3.328862226478028e-07,0.08662010180666957,0.08344864382683148,0.05631569923065815,-5.226125854602293,290
bfi_binary_simple,risk,Confessing_Feelings,gpt-4o,conscientiousness,-0.09944391962357296,0.09096153057561605,0.009889093150099448,0.006451208056870494,0.0586334809919113,-1.6960261942710106,290
bfi_binary_simple,risk,Confessing_Feelings,gpt-4o,extraversion,-0.5071134229724786,2.3502802207022576e-20,0.2571640237588644,0.2545847321746937,0.05078672645653201,-9.985156720162173,290
bfi_binary_simple,risk,Confessing_Feelings,gpt-4o,agreeableness,-0.15926013616161722,0.006572619657930923,0.02536379097021646,0.021979637466640778,0.05817347766444463,-2.737676043372533,290
bfi_binary_simple,risk,Confessing_Feelings,gpt-4o,neuroticism,0.22274046490341334,0.0001308187384067911,0.049613314705388545,0.04631336093700433,0.057445224069404194,3.8774409624428077,290
bfi_binary_simple,risk,Study_Overseas,gpt-4o,openness,-0.4359341514597171,7.000745448117166e-15,0.19003858440890398,0.18722621838254594,0.053031745458338164,-8.220248979023097,290
bfi_binary_simple,risk,Study_Overseas,gpt-4o,conscientiousness,-0.12405969798353701,0.03471215039256365,0.015390808663766853,0.011972026749404785,0.05847035072891152,-2.1217539562695644,290
bfi_binary_simple,risk,Study_Overseas,gpt-4o,extraversion,-0.34255145831932604,2.092534504488819e-09,0.11734150159669676,0.11427671514390747,0.055360513480180486,-6.187649586053103,290
bfi_binary_simple,risk,Study_Overseas,gpt-4o,agreeableness,-0.12142677649657692,0.038777002112225005,0.014744462050350071,0.011323435876913646,0.05848953900858072,-2.0760426318074243,290
bfi_binary_simple,risk,Study_Overseas,gpt-4o,neuroticism,0.1388342088802014,0.01800490714867899,0.019274937555391336,0.01586964219968079,0.05835490858282989,2.3791350591036897,290
bfi_binary_simple,risk,risk_sum,llama,openness,-0.26800466096563375,3.6707269716418227e-06,0.07182649829930399,0.06860367364062092,0.05676992741481154,-4.720891379820755,290
bfi_binary_simple,risk,risk_sum,llama,conscientiousness,-0.03140457295689852,0.5942951004546051,0.000986247202605317,-0.0024825505501635536,0.05889650034398253,-0.533216282350928,290
bfi_binary_simple,risk,risk_sum,llama,extraversion,-0.45583556421674176,2.759568326076189e-16,0.20778606160479496,0.20503531876314485,0.05244752464749901,-8.691269364577696,290
bfi_binary_simple,risk,risk_sum,llama,agreeableness,-0.12956676074067294,0.027368552114127545,0.016787545488830546,0.013373613355111114,0.058428863874966284,-2.21751292337186,290
bfi_binary_simple,risk,risk_sum,llama,neuroticism,0.3029995798373928,1.4263550184174929e-07,0.09180874538163653,0.08865530352532269,0.0561555149234138,5.395722579529912,290
bfi_binary_simple,risk,Investment,llama,openness,-0.16540807516613792,0.00474119059853241,0.02735983133016695,0.02398260852228551,0.058113877928437745,-2.8462749529436633,290
bfi_binary_simple,risk,Investment,llama,conscientiousness,0.04123798412346546,0.48422574429113063,0.0017005713345673579,-0.001765746126076495,0.058875440216136526,0.7004276141643692,290
bfi_binary_simple,risk,Investment,llama,extraversion,-0.30561262831758657,1.0993384537531799e-07,0.09339907858718344,0.09025115872116662,0.05610632643487473,-5.4470261686500825,290
bfi_binary_simple,risk,Investment,llama,agreeableness,-0.15107232793141967,0.009984627976161335,0.022822848266618512,0.019429872045321983,0.0582492594055621,-2.5935493338992406,290
bfi_binary_simple,risk,Investment,llama,neuroticism,0.029159180448381162,0.620936508332067,0.0008502578044209397,-0.0026190121337581473,0.05890050881086751,0.49505820980278376,290
bfi_binary_simple,risk,Extreme_Sports,llama,openness,-0.1743891302681757,0.002884557944808537,0.030411568755690843,0.027044942258314664,0.05802263780091414,-3.0055360610549187,290
bfi_binary_simple,risk,Extreme_Sports,llama,conscientiousness,0.02957563952412939,0.6159563116864603,0.0008747184532610364,-0.0025944665521095978,0.0588997878211002,0.5021349077514715,290
bfi_binary_simple,risk,Extreme_Sports,llama,extraversion,-0.287287814173694,6.474210053567613e-07,0.08253428817269914,0.07934864333996539,0.05644151692445625,-5.0900087352048375,290
bfi_binary_simple,risk,Extreme_Sports,llama,agreeableness,-0.09546255419858053,0.10472742289929157,0.009113099254116963,0.00567251973763816,0.05865645332338771,-1.627485959170964,290
bfi_binary_simple,risk,Extreme_Sports,llama,neuroticism,0.17917329454835573,0.0021923517391860443,0.03210306947931152,0.028742316248336786,0.05797200385509025,3.0906865837556063,290
bfi_binary_simple,risk,Entrepreneurial_Venture,llama,openness,-0.19404921056324295,0.0008940729496996798,0.03765509612021756,0.03431362075952382,0.05780549593848051,-3.356933582401227,290
bfi_binary_simple,risk,Entrepreneurial_Venture,llama,conscientiousness,-0.08549102117799717,0.14643715702451204,0.007308714702057184,0.003861869961439224,0.0587098351268155,-1.456161833759766,290
bfi_binary_simple,risk,Entrepreneurial_Venture,llama,extraversion,-0.3300942403281769,8.448546611811045e-09,0.10896220749783558,0.10586832627386966,0.055622668256438815,-5.934527247170772,290
bfi_binary_simple,risk,Entrepreneurial_Venture,llama,agreeableness,-0.08024514198967297,0.17293852717738092,0.006439282812942815,0.002989419211598787,0.05873553950840964,-1.3662110310263453,290
bfi_binary_simple,risk,Entrepreneurial_Venture,llama,neuroticism,0.35918670879658254,2.940990725143832e-10,0.1290150917761207,0.12599083862256544,0.05499321006774495,6.5314737647449235,290
bfi_binary_simple,risk,Confessing_Feelings,llama,openness,-0.1556938673226928,0.007904160588574332,0.024240580321896132,0.02085252678134708,0.058206988760362524,-2.6748311609742017,290
bfi_binary_simple,risk,Confessing_Feelings,llama,conscientiousness,0.00315203468092919,0.9573769360961477,9.935322629717191e-06,-0.003462252401944532,0.058925272375901706,0.05349206806922215,290
bfi_binary_simple,risk,Confessing_Feelings,llama,extraversion,-0.24572396872828417,2.3212529045127748e-05,0.06038026880757863,0.05711770029649377,0.05711889802057454,-4.3019732040308805,290
bfi_binary_simple,risk,Confessing_Feelings,llama,agreeableness,-0.016299527312450962,0.7822481485526452,0.0002656745906092217,-0.0032056251503957967,0.05891773706622506,-0.2766489027596201,290
bfi_binary_simple,risk,Confessing_Feelings,llama,neuroticism,0.21991422523160176,0.0001599126498776588,0.048362266459215264,0.0450579687733097,0.05748302084881665,3.8257249181456148,290
bfi_binary_simple,risk,Study_Overseas,llama,openness,-0.29549464781670054,2.971210926414406e-07,0.08731708688831608,0.08414804899556705,0.05629420834107982,-5.249112768871961,290
bfi_binary_simple,risk,Study_Overseas,llama,conscientiousness,-0.07094760740146608,0.2283984997031596,0.00503356299599278,0.0015788184230620672,0.05877707523287106,-1.2070625685333294,290
bfi_binary_simple,risk,Study_Overseas,llama,extraversion,-0.510022576388747,1.3154861589050596e-20,0.2601230284262157,0.2575540111638066,0.050685473879692314,-10.062499910710969,290
bfi_binary_simple,risk,Study_Overseas,llama,agreeableness,-0.1397794040812844,0.01722912772443377,0.019538281805319024,0.016133900839365167,0.058347073328092094,-2.395654076688461,290
bfi_binary_simple,risk,Study_Overseas,llama,neuroticism,0.2955906986786324,2.943821748027399e-07,0.08737386114532264,0.08420502038541045,0.056292457398057,5.250982322346352,290
bfi_binary_simple,risk,risk_sum,deepseek,openness,-0.2794090190575377,1.336575941118147e-06,0.07806939993069595,0.07486825201378855,0.05657868783302864,-4.938414617923121,290
bfi_binary_simple,risk,risk_sum,deepseek,conscientiousness,-0.10607103327796778,0.07129174525127177,0.011251064100655794,0.007817908073227464,0.05859313976421029,-1.810297821636072,290
bfi_binary_simple,risk,risk_sum,deepseek,extraversion,-0.4766959850017479,7.365056110747532e-18,0.22723906211678702,0.22455586441580355,0.05179959170672464,-9.202697729755716,290
bfi_binary_simple,risk,risk_sum,deepseek,agreeableness,-0.14071363972970494,0.016491167161857213,0.019800328405981116,0.01639685732405738,0.058339275637632644,-2.411988119354287,290
bfi_binary_simple,risk,risk_sum,deepseek,neuroticism,0.3156224158710299,3.958877847520919e-08,0.0996175094002657,0.09649118130790546,0.05591357699486034,5.64482604824303,290
bfi_binary_simple,risk,Investment,deepseek,openness,-0.19388622410523412,0.0009032298868685681,0.037591867897785125,0.034250172994652384,0.0578073948827716,-3.3540038346031444,290
bfi_binary_simple,risk,Investment,deepseek,conscientiousness,-0.005559512725876868,0.9248971232853904,3.0908181748889874e-05,-0.003441206720397938,0.058924654450804435,-0.09434951766273734,290
bfi_binary_simple,risk,Investment,deepseek,extraversion,-0.3441783918748615,1.7358463806085534e-09,0.11845876543356537,0.11539785836909855,0.055325464882518466,-6.220976047932201,290
bfi_binary_simple,risk,Investment,deepseek,agreeableness,-0.04273198732717663,0.4685208457694189,0.001826022740929245,-0.0016398591245536664,0.05887174080560966,-0.7258488833933864,290
bfi_binary_simple,risk,Investment,deepseek,neuroticism,0.26061982942514955,6.892473169340434e-06,0.06792269548959395,0.06468631596004382,0.056889186402602106,4.5811839807438135,290
bfi_binary_simple,risk,Extreme_Sports,deepseek,openness,-0.10971598029487041,0.062046504768019844,0.012037596332064693,0.008607171319328755,0.058569830226285306,-1.8732507823734725,290
bfi_binary_simple,risk,Extreme_Sports,deepseek,conscientiousness,0.03651437738978085,0.5356934256261053,0.00133329975616292,-0.0021342929530172583,0.05888626927544308,0.620083048885017,290
bfi_binary_simple,risk,Extreme_Sports,deepseek,extraversion,-0.2536779404258928,1.2251410915860381e-05,0.06435249745872296,0.06110372140823228,0.05699803549676553,-4.450643574203331,290
bfi_binary_simple,risk,Extreme_Sports,deepseek,agreeableness,-0.038027154624025825,0.5189170669009135,0.001446064488799248,-0.00202113667617021,0.05888294460172188,-0.6458093235866098,290
bfi_binary_simple,risk,Extreme_Sports,deepseek,neuroticism,0.17107821202372672,0.0034740230529379983,0.02926775462923481,0.025897156555030665,0.058056852086588645,2.9467359299566027,290
bfi_binary_simple,risk,Entrepreneurial_Venture,deepseek,openness,-0.3078706037803937,8.760109988786535e-08,0.09478430867210419,0.09164119863277109,0.056063446552392496,-5.491467662315088,290
bfi_binary_simple,risk,Entrepreneurial_Venture,deepseek,conscientiousness,-0.1242887063626206,0.034376370703103724,0.01544768252929396,0.01202909809363173,0.05846866199651037,-2.1257320095684524,290
bfi_binary_simple,risk,Entrepreneurial_Venture,deepseek,extraversion,-0.462255434983559,9.28822882640857e-17,0.21368008717183928,0.21094980969674137,0.052252057137473336,-8.846645669229463,290
bfi_binary_simple,risk,Entrepreneurial_Venture,deepseek,agreeableness,-0.14330153409345503,0.014589319778591646,0.020535329673537772,0.01713441067934862,0.058317398726187256,-2.4572689664415006,290
bfi_binary_simple,risk,Entrepreneurial_Venture,deepseek,neuroticism,0.27876149695939245,1.4172240543289107e-06,0.07770797218704184,0.07450556931269126,0.0565897771187565,4.92600450385937,290
bfi_binary_simple,risk,Confessing_Feelings,deepseek,openness,-0.1841612423262653,0.001634997947936594,0.0339153631751532,0.03056090263062239,0.057917704931486326,-3.1797054552510082,290
bfi_binary_simple,risk,Confessing_Feelings,deepseek,conscientiousness,-0.14407827062242073,0.01405736308041603,0.020758548065547444,0.017358404135219385,0.05831075312777192,-2.4708696577235587,290
bfi_binary_simple,risk,Confessing_Feelings,deepseek,extraversion,-0.2767789378953725,1.694117560077289e-06,0.0766065804624908,0.07340035331131878,0.05662355650409028,-4.888052870281629,290
bfi_binary_simple,risk,Confessing_Feelings,deepseek,agreeableness,-0.170103934873845,0.0036671529124555043,0.028935348659565152,0.02556359639796635,0.05806679138370513,-2.929452976827992,290
bfi_binary_simple,risk,Confessing_Feelings,deepseek,neuroticism,0.19958755970352143,0.0006293632699089546,0.03983519398840707,0.03650128841197786,0.05773998247686891,3.4566612448051535,290
bfi_binary_simple,risk,Study_Overseas,deepseek,openness,-0.21959136120575704,0.00016359703359380113,0.04822036591619683,0.044915575520072415,0.05748730639127488,-3.8198234530446786,290
bfi_binary_simple,risk,Study_Overseas,deepseek,conscientiousness,-0.16791392006976655,0.004137179841848275,0.02819508455319608,0.02482076193011684,0.0580889199682623,-2.8906359450564527,290
bfi_binary_simple,risk,Study_Overseas,deepseek,extraversion,-0.36966642932800764,8.048876145542397e-11,0.1366532689721187,0.13365553726716073,0.054751545228951475,-6.751707696690462,290
bfi_binary_simple,risk,Study_Overseas,deepseek,agreeableness,-0.1281554198378506,0.029110451337315952,0.016423811633815566,0.013008616535321815,0.05843967058851116,-2.192952467857426,290
bfi_binary_simple,risk,Study_Overseas,deepseek,neuroticism,0.2219867890599248,0.00013804968705518022,0.04927813451713581,0.045977016928653525,0.05745535300110995,3.863639808385414,290
bfi_binary_simple,risk,risk_sum,openai-gpt-3.5-turbo-0125,openness,-0.3428431110154061,2.0237533511626565e-09,0.117541398770722,0.11447730640534248,0.055354244330308,-6.193619209569625,290
bfi_binary_simple,risk,risk_sum,openai-gpt-3.5-turbo-0125,conscientiousness,-0.06337841872386374,0.2820542855832167,0.00401682395993741,0.0005585490431315732,0.0588070992041418,-1.0777341440334125,290
bfi_binary_simple,risk,risk_sum,openai-gpt-3.5-turbo-0125,extraversion,-0.5106081715986032,1.1696643568780866e-20,0.2607207049032686,0.2581537629064049,0.05066499774858032,-10.078124825593441,290
bfi_binary_simple,risk,risk_sum,openai-gpt-3.5-turbo-0125,agreeableness,-0.13653575634961926,0.02001956047544696,0.0186420127619622,0.015234519750718878,0.05837373562864713,-2.33899295426647,290
bfi_binary_simple,risk,risk_sum,openai-gpt-3.5-turbo-0125,neuroticism,0.1465169654792726,0.01249624499405955,0.02146722117325417,0.018069537913439015,0.05828964967998243,2.5136017506310178,290
bfi_binary_simple,risk,Investment,openai-gpt-3.5-turbo-0125,openness,-0.18143263696292172,0.001921347626688059,0.03291780175531889,0.029559877455858086,0.05794759960050714,-3.1309776110438556,290
bfi_binary_simple,risk,Investment,openai-gpt-3.5-turbo-0125,conscientiousness,0.02123780770426325,0.7187383660188122,0.00045104447608379505,-0.003019611619485385,0.058912274574736585,0.36049885796415476,290
bfi_binary_simple,risk,Investment,openai-gpt-3.5-turbo-0125,extraversion,-0.37294451357068625,5.314826992167625e-11,0.13908761020247618,0.1360983310712347,0.054674300464124824,-6.821203205249935,290
bfi_binary_simple,risk,Investment,openai-gpt-3.5-turbo-0125,agreeableness,-0.18237954777368426,0.0018171574459073469,0.03326229944613324,0.02990557131921001,0.05793727752426022,-3.147879147364424,290
bfi_binary_simple,risk,Investment,openai-gpt-3.5-turbo-0125,neuroticism,0.06471196066145757,0.27203109715503226,0.0041876378526503055,0.0007299560396385463,0.05880205619714005,1.1005050647294363,290
bfi_binary_simple,risk,Extreme_Sports,openai-gpt-3.5-turbo-0125,openness,-0.2515054927220378,1.4618592639580878e-05,0.06325501286935531,0.06000242610848494,0.057031454136031744,-4.40994353961492,290
bfi_binary_simple,risk,Extreme_Sports,openai-gpt-3.5-turbo-0125,conscientiousness,-0.1348418359510703,0.021626997580880606,0.018182320722655687,0.01477323155849819,0.058387405869394886,-2.3094335832061823,290
bfi_binary_simple,risk,Extreme_Sports,openai-gpt-3.5-turbo-0125,extraversion,-0.5428645400583958,1.2569900991781164e-23,0.2947019088528141,0.2922529571474418,0.04948688417522538,-10.969867048735514,290
bfi_binary_simple,risk,Extreme_Sports,openai-gpt-3.5-turbo-0125,agreeableness,-0.18551258306064042,0.001508158799148001,0.03441491847383138,0.031062192496309815,0.05790272858442355,-3.2038659938133773,290
bfi_binary_simple,risk,Extreme_Sports,openai-gpt-3.5-turbo-0125,neuroticism,0.19647179491649583,0.0007676809099730932,0.0386011661977097,0.03526297580256277,0.05777707499646229,3.400514735793147,290
bfi_binary_simple,risk,Entrepreneurial_Venture,openai-gpt-3.5-turbo-0125,openness,-0.36395012746430655,1.6414389867919074e-10,0.13245969528128543,0.12944740255656761,0.05488435774168954,-6.631217753831055,290
bfi_binary_simple,risk,Entrepreneurial_Venture,openai-gpt-3.5-turbo-0125,conscientiousness,-0.0648964134551972,0.27066404824805773,0.004211544479347684,0.0007539456754563911,0.058801350357718454,-1.103655155203059,290
bfi_binary_simple,risk,Entrepreneurial_Venture,openai-gpt-3.5-turbo-0125,extraversion,-0.4656945411406005,5.1342773863414945e-17,0.216871405648154,0.21415220913998778,0.052145915546341015,-8.930604367790748,290
bfi_binary_simple,risk,Entrepreneurial_Venture,openai-gpt-3.5-turbo-0125,agreeableness,-0.13309172977993797,0.023403965541747056,0.01771340853581571,0.014302691204342799,0.058401347000500446,-2.2789154123242654,290
bfi_binary_simple,risk,Entrepreneurial_Venture,openai-gpt-3.5-turbo-0125,neuroticism,0.09042237855010783,0.12445600275943729,0.008176206542658715,0.004732373926487288,0.05868417688075134,1.5408306524235627,290
bfi_binary_simple,risk,Confessing_Feelings,openai-gpt-3.5-turbo-0125,openness,-0.15999882360155546,0.006323322844034777,0.02559962355388168,0.022216288913443627,0.05816643912461815,-2.7507068682469535,290
bfi_binary_simple,risk,Confessing_Feelings,openai-gpt-3.5-turbo-0125,conscientiousness,0.028709439244249204,0.6263341768632262,0.0008242319017192079,-0.0026451284041777434,0.05890127592757912,0.4874162535892825,290
bfi_binary_simple,risk,Confessing_Feelings,openai-gpt-3.5-turbo-0125,extraversion,-0.2387434876077851,3.997061873002525e-05,0.05699845287512906,0.0537241419476121,0.057221594940344955,-4.172262025493724,290
bfi_binary_simple,risk,Confessing_Feelings,openai-gpt-3.5-turbo-0125,agreeableness,-0.024498412558164845,0.677809967812263,0.0006001722178702318,-0.00286996607304002,0.05890787970136232,-0.41587666509745874,290
bfi_binary_simple,risk,Confessing_Feelings,openai-gpt-3.5-turbo-0125,neuroticism,0.07400419979661582,0.20892502005787134,0.0054766215875377,0.0020234154124942894,0.05876398705876975,1.2593461318852373,290
bfi_binary_simple,risk,Study_Overseas,openai-gpt-3.5-turbo-0125,openness,-0.32048809319488225,2.3767041609894288e-08,0.10271261787969188,0.09959703669177411,0.055817391446732215,-5.741724664806868,290
bfi_binary_simple,risk,Study_Overseas,openai-gpt-3.5-turbo-0125,conscientiousness,-0.06102113288267282,0.3003748739891243,0.003723578658284765,0.00026428552862589605,0.05881575579433402,-1.037496365702594,290
bfi_binary_simple,risk,Study_Overseas,openai-gpt-3.5-turbo-0125,extraversion,-0.28281961489966273,9.792705689747944e-07,0.0799869345719938,0.07679244476147984,0.05651981785634051,-5.003901739714036,290
bfi_binary_simple,risk,Study_Overseas,openai-gpt-3.5-turbo-0125,agreeableness,0.014618086577551405,0.8042310063969881,0.00021368845518876523,-0.0032577917932308242,0.058919268906016516,0.2481036653877877,290
bfi_binary_simple,risk,Study_Overseas,openai-gpt-3.5-turbo-0125,neuroticism,0.11264568277441284,0.05535176658737552,0.012689049847715128,0.009260886826352954,0.058550516832578746,1.9239058657076515,290
